# transform file /out/sourcedata/freesurfer/sub-v1s7x0051322_ses-1/mri/transforms/cc_up.lta
# created by oesteban on Tue Mar 10 08:05:44 2026

type      = 0 # LINEAR_VOX_TO_VOX
nxforms   = 1
mean      = 130.0000 89.0000 109.0000
sigma     = 10000.0000
1 4 4
9.980131387710571e-01 4.363156855106354e-02 -4.545264318585396e-02 1.303234845399857e-01 
-4.358638823032379e-02 9.990476965904236e-01 1.985060283914208e-03 6.451869964599609e+01 
4.549597203731537e-02 2.328306158982940e-10 9.989644885063171e-01 2.220445442199707e+01 
0.000000000000000e+00 0.000000000000000e+00 0.000000000000000e+00 1.000000000000000e+00 
src volume info
valid = 1  # volume info valid
filename = /out/sourcedata/freesurfer/sub-v1s7x0051322_ses-1/mri/norm.mgz
volume = 256 256 256
voxelsize = 1.000000000000000e+00 1.000000000000000e+00 1.000000000000000e+00
xras   = -1.000000000000000e+00 0.000000000000000e+00 0.000000000000000e+00
yras   = 0.000000000000000e+00 0.000000000000000e+00 -1.000000000000000e+00
zras   = 0.000000000000000e+00 1.000000000000000e+00 0.000000000000000e+00
cras   = -4.660881042480469e+00 -4.594726562500000e-01 2.980255126953125e+00
dst volume info
valid = 1  # volume info valid
filename = /out/sourcedata/freesurfer/sub-v1s7x0051322_ses-1/mri/norm.mgz
volume = 256 256 256
voxelsize = 1.000000000000000e+00 1.000000000000000e+00 1.000000000000000e+00
xras   = -1.000000000000000e+00 0.000000000000000e+00 0.000000000000000e+00
yras   = 0.000000000000000e+00 0.000000000000000e+00 -1.000000000000000e+00
zras   = 0.000000000000000e+00 1.000000000000000e+00 0.000000000000000e+00
cras   = -4.660881042480469e+00 -4.594726562500000e-01 2.980255126953125e+00
