# transform file /out/sourcedata/freesurfer/sub-v1s7x0051327_ses-1/mri/transforms/cc_up.lta
# created by oesteban on Tue Mar 10 07:53:00 2026

type      = 0 # LINEAR_VOX_TO_VOX
nxforms   = 1
mean      = 132.0000 99.0000 106.0000
sigma     = 10000.0000
1 4 4
9.996573925018311e-01 -1.110621634870768e-02 -2.370374463498592e-02 1.148930549621582e+00 
1.110309548676014e-02 9.999383687973022e-01 -2.632751129567623e-04 4.557498168945312e+01 
2.370520681142807e-02 -2.910383392618066e-11 9.997190237045288e-01 3.192074775695801e+01 
0.000000000000000e+00 0.000000000000000e+00 0.000000000000000e+00 1.000000000000000e+00 
src volume info
valid = 1  # volume info valid
filename = /out/sourcedata/freesurfer/sub-v1s7x0051327_ses-1/mri/norm.mgz
volume = 256 256 256
voxelsize = 1.000000000000000e+00 1.000000000000000e+00 1.000000000000000e+00
xras   = -1.000000000000000e+00 0.000000000000000e+00 0.000000000000000e+00
yras   = 0.000000000000000e+00 0.000000000000000e+00 -1.000000000000000e+00
zras   = 0.000000000000000e+00 1.000000000000000e+00 0.000000000000000e+00
cras   = 3.889831542968750e+00 1.930508422851562e+01 -8.491516113281250e+00
dst volume info
valid = 1  # volume info valid
filename = /out/sourcedata/freesurfer/sub-v1s7x0051327_ses-1/mri/norm.mgz
volume = 256 256 256
voxelsize = 1.000000000000000e+00 1.000000000000000e+00 1.000000000000000e+00
xras   = -1.000000000000000e+00 0.000000000000000e+00 0.000000000000000e+00
yras   = 0.000000000000000e+00 0.000000000000000e+00 -1.000000000000000e+00
zras   = 0.000000000000000e+00 1.000000000000000e+00 0.000000000000000e+00
cras   = 3.889831542968750e+00 1.930508422851562e+01 -8.491516113281250e+00
