# transform file /out/sourcedata/freesurfer/sub-v1s7x0051324_ses-1/mri/transforms/cc_up.lta
# created by oesteban on Tue Mar 10 08:05:26 2026

type      = 0 # LINEAR_VOX_TO_VOX
nxforms   = 1
mean      = 129.0000 146.0000 108.0000
sigma     = 10000.0000
1 4 4
9.999430775642395e-01 1.016841176897287e-02 -3.238249570131302e-03 -3.067410707473755e+00 
-1.016835775226355e-02 9.999483227729797e-01 3.292955443612300e-05 -5.674165248870850e+00 
3.238416975364089e-03 0.000000000000000e+00 9.999948143959045e-01 3.557949447631836e+01 
0.000000000000000e+00 0.000000000000000e+00 0.000000000000000e+00 1.000000000000000e+00 
src volume info
valid = 1  # volume info valid
filename = /out/sourcedata/freesurfer/sub-v1s7x0051324_ses-1/mri/norm.mgz
volume = 256 256 256
voxelsize = 1.000000000000000e+00 1.000000000000000e+00 1.000000000000000e+00
xras   = -1.000000000000000e+00 0.000000000000000e+00 0.000000000000000e+00
yras   = 0.000000000000000e+00 0.000000000000000e+00 -1.000000000000000e+00
zras   = 0.000000000000000e+00 1.000000000000000e+00 0.000000000000000e+00
cras   = 1.855934143066406e+00 4.567794799804688e+00 2.880508422851562e+01
dst volume info
valid = 1  # volume info valid
filename = /out/sourcedata/freesurfer/sub-v1s7x0051324_ses-1/mri/norm.mgz
volume = 256 256 256
voxelsize = 1.000000000000000e+00 1.000000000000000e+00 1.000000000000000e+00
xras   = -1.000000000000000e+00 0.000000000000000e+00 0.000000000000000e+00
yras   = 0.000000000000000e+00 0.000000000000000e+00 -1.000000000000000e+00
zras   = 0.000000000000000e+00 1.000000000000000e+00 0.000000000000000e+00
cras   = 1.855934143066406e+00 4.567794799804688e+00 2.880508422851562e+01
