# transform file /out/sourcedata/freesurfer/sub-v1s7x0051325_ses-1/mri/transforms/cc_up.lta
# created by oesteban on Tue Mar 10 08:10:59 2026

type      = 0 # LINEAR_VOX_TO_VOX
nxforms   = 1
mean      = 128.0000 94.0000 111.0000
sigma     = 10000.0000
1 4 4
9.999627470970154e-01 1.502877217717469e-03 8.501640520989895e-03 -1.944408893585205e+00 
-1.502822851762176e-03 9.999989271163940e-01 -1.277693445445038e-05 5.219521331787109e+01 
-8.501650765538216e-03 -9.094947017729282e-13 9.999638795852661e-01 2.209995269775391e+01 
0.000000000000000e+00 0.000000000000000e+00 0.000000000000000e+00 1.000000000000000e+00 
src volume info
valid = 1  # volume info valid
filename = /out/sourcedata/freesurfer/sub-v1s7x0051325_ses-1/mri/norm.mgz
volume = 256 256 256
voxelsize = 1.000000000000000e+00 1.000000000000000e+00 1.000000000000000e+00
xras   = -1.000000000000000e+00 0.000000000000000e+00 0.000000000000000e+00
yras   = 0.000000000000000e+00 0.000000000000000e+00 -1.000000000000000e+00
zras   = 0.000000000000000e+00 1.000000000000000e+00 0.000000000000000e+00
cras   = 5.000000000000000e-01 -4.423736572265625e+00 3.220367431640625e-01
dst volume info
valid = 1  # volume info valid
filename = /out/sourcedata/freesurfer/sub-v1s7x0051325_ses-1/mri/norm.mgz
volume = 256 256 256
voxelsize = 1.000000000000000e+00 1.000000000000000e+00 1.000000000000000e+00
xras   = -1.000000000000000e+00 0.000000000000000e+00 0.000000000000000e+00
yras   = 0.000000000000000e+00 0.000000000000000e+00 -1.000000000000000e+00
zras   = 0.000000000000000e+00 1.000000000000000e+00 0.000000000000000e+00
cras   = 5.000000000000000e-01 -4.423736572265625e+00 3.220367431640625e-01
