# transform file /out/sourcedata/freesurfer/sub-v1s7x0051323_ses-1/mri/transforms/cc_up.lta
# created by oesteban on Tue Mar 10 08:02:04 2026

type      = 0 # LINEAR_VOX_TO_VOX
nxforms   = 1
mean      = 130.0000 102.0000 114.0000
sigma     = 10000.0000
1 4 4
9.996269345283508e-01 -1.445084996521473e-02 2.317615970969200e-02 -3.271364688873291e+00 
1.444696728140116e-02 9.998956322669983e-01 3.349501639604568e-04 4.109394454956055e+01 
-2.317858114838600e-02 2.910383045673370e-11 9.997313618659973e-01 3.204570007324219e+01 
0.000000000000000e+00 0.000000000000000e+00 0.000000000000000e+00 1.000000000000000e+00 
src volume info
valid = 1  # volume info valid
filename = /out/sourcedata/freesurfer/sub-v1s7x0051323_ses-1/mri/norm.mgz
volume = 256 256 256
voxelsize = 1.000000000000000e+00 1.000000000000000e+00 1.000000000000000e+00
xras   = -1.000000000000000e+00 0.000000000000000e+00 0.000000000000000e+00
yras   = 0.000000000000000e+00 0.000000000000000e+00 -1.000000000000000e+00
zras   = 0.000000000000000e+00 1.000000000000000e+00 0.000000000000000e+00
cras   = 3.873497009277344e+00 3.773941040039062e+00 -3.758834838867188e+00
dst volume info
valid = 1  # volume info valid
filename = /out/sourcedata/freesurfer/sub-v1s7x0051323_ses-1/mri/norm.mgz
volume = 256 256 256
voxelsize = 1.000000000000000e+00 1.000000000000000e+00 1.000000000000000e+00
xras   = -1.000000000000000e+00 0.000000000000000e+00 0.000000000000000e+00
yras   = 0.000000000000000e+00 0.000000000000000e+00 -1.000000000000000e+00
zras   = 0.000000000000000e+00 1.000000000000000e+00 0.000000000000000e+00
cras   = 3.873497009277344e+00 3.773941040039062e+00 -3.758834838867188e+00
