#Insight Transform File V1.0
#Transform 0
Transform: AffineTransform_float_3_3
Parameters: 0.999998 0.000722075 -0.00184126 -0.000724955 0.999999 -0.00162947 0.00183942 0.00163054 0.999997 -0.0553911 0.0634864 -0.316229
FixedParameters: 0 0 0

#Transform 1
Transform: AffineTransform_float_3_3
Parameters: 0.999999 0.000658176 -0.0013971 -0.000660037 0.999999 -0.00107505 0.00139651 0.00107594 0.999998 -0.0513857 0.0517313 -0.293842
FixedParameters: 0 0 0

#Transform 2
Transform: AffineTransform_float_3_3
Parameters: 1 7.86044e-05 -0.00110014 -8.0206e-05 1 -0.00117691 0.00109979 0.00117709 0.999998 -0.0443706 0.0516165 -0.254767
FixedParameters: 0 0 0

#Transform 3
Transform: AffineTransform_float_3_3
Parameters: 1 -0.000313949 -0.000616254 0.000312518 1 -0.00103419 0.000615914 0.00103381 1 -0.0353896 -0.0190124 -0.197763
FixedParameters: 0 0 0

#Transform 4
Transform: AffineTransform_float_3_3
Parameters: 0.999999 -6.30936e-05 -0.000859784 6.14582e-05 1 -0.000951054 0.000859903 0.000950947 0.999999 -0.0217765 0.0275283 -0.191044
FixedParameters: 0 0 0

#Transform 5
Transform: AffineTransform_float_3_3
Parameters: 1 -0.000278713 -0.000621781 0.000277628 0.999999 -0.00154117 0.000621494 0.00154083 0.999998 -0.0149502 -0.00196283 -0.206531
FixedParameters: 0 0 0

#Transform 6
Transform: AffineTransform_float_3_3
Parameters: 1 -0.000278587 -0.000621837 0.000276766 0.999999 -0.00133917 0.000621593 0.00133883 0.999999 -0.0149277 -0.0117419 -0.23193
FixedParameters: 0 0 0

#Transform 7
Transform: AffineTransform_float_3_3
Parameters: 1 -0.000138809 -0.000400121 0.000137835 0.999999 -0.00121706 0.000400458 0.00121695 0.999999 -0.0227036 -0.0173268 -0.187353
FixedParameters: 0 0 0

#Transform 8
Transform: AffineTransform_float_3_3
Parameters: 1 0.000145083 -0.000335009 -0.000145727 0.999999 -0.000961797 0.000334729 0.000962203 1 -0.0265971 0.0218082 -0.144197
FixedParameters: 0 0 0

#Transform 9
Transform: AffineTransform_float_3_3
Parameters: 1 -0.000246749 -0.000118641 0.000246518 0.999999 -0.000974028 0.000119122 0.00097397 0.999999 -0.0308038 -0.00631686 -0.149005
FixedParameters: 0 0 0

#Transform 10
Transform: AffineTransform_float_3_3
Parameters: 0.999999 -0.000441414 -0.000595887 0.000439877 0.999999 -0.00115826 0.00059592 0.00115774 0.999999 -0.0147801 0.0190285 -0.15279
FixedParameters: 0 0 0

#Transform 11
Transform: AffineTransform_float_3_3
Parameters: 1 -5.5445e-05 -0.000354694 5.48994e-05 0.999999 -0.000769019 0.000354779 0.00076898 0.999999 -0.0362496 -0.00150629 -0.127728
FixedParameters: 0 0 0

#Transform 12
Transform: AffineTransform_float_3_3
Parameters: 1 -0.000368087 -0.00013684 0.000367876 0.999999 -0.000769074 0.000137406 0.000769924 0.999999 -0.0111796 -0.000591189 -0.124129
FixedParameters: 0 0 0

#Transform 13
Transform: AffineTransform_float_3_3
Parameters: 1 -0.000289877 -0.000620206 0.00028918 1 -0.000436179 0.000619471 0.00043582 0.999999 0.00163996 -0.0177725 -0.103919
FixedParameters: 0 0 0

#Transform 14
Transform: AffineTransform_float_3_3
Parameters: 1 -0.000382765 -0.000229835 0.000382607 1 -0.000342088 0.000230097 0.000341912 1 -0.00275362 -0.0273734 -0.0550332
FixedParameters: 0 0 0

#Transform 15
Transform: AffineTransform_float_3_3
Parameters: 1 -0.00036049 -8.96443e-05 0.000360455 1 -0.000194032 8.97841e-05 0.000193968 1 0.00777407 0.0244154 -0.0632046
FixedParameters: 0 0 0

#Transform 16
Transform: AffineTransform_float_3_3
Parameters: 0.999999 -0.000801558 7.89006e-05 0.000801663 1 -0.000669092 -7.7828e-05 0.000668908 1 0.0177106 0.0126507 -0.0620301
FixedParameters: 0 0 0

#Transform 17
Transform: AffineTransform_float_3_3
Parameters: 1 -0.000648212 -2.64729e-05 0.000648174 0.999999 -0.000708017 2.73907e-05 0.000707982 0.999999 0.0161768 -0.0155367 -0.0575684
FixedParameters: 0 0 0

#Transform 18
Transform: AffineTransform_float_3_3
Parameters: 0.999999 -0.000800327 8.65506e-05 0.000800233 0.999999 -0.000355931 -8.69685e-05 0.00035607 1 0.0135574 -0.0356594 -0.0540229
FixedParameters: 0 0 0

#Transform 19
Transform: AffineTransform_float_3_3
Parameters: 0.999999 -0.000758946 0.000347264 0.000759173 0.999999 -0.000327736 -0.000346766 0.000328263 1 0.00516103 -0.000877634 -0.0314184
FixedParameters: 0 0 0

#Transform 20
Transform: AffineTransform_float_3_3
Parameters: 1 0.000347129 0.000171853 -0.000347173 1 0.00012694 -0.000171765 -0.00012706 1 -0.0187407 0.0184036 -0.0219015
FixedParameters: 0 0 0

#Transform 21
Transform: AffineTransform_float_3_3
Parameters: 1 0.000320494 0.000176013 -0.000320472 1 -6.10564e-05 -0.000176052 6.09436e-05 1 -0.00777241 0.0167811 -0.0584522
FixedParameters: 0 0 0

#Transform 22
Transform: AffineTransform_float_3_3
Parameters: 1 -0.000403474 0.000290724 0.00040351 1 -6.08827e-05 -0.000290674 6.11173e-05 1 -0.00127625 -0.0258076 -0.0399118
FixedParameters: 0 0 0

#Transform 23
Transform: AffineTransform_float_3_3
Parameters: 1 -2.81876e-05 0.000231252 2.81539e-05 1 7.30065e-05 -0.000231256 -7.29935e-05 1 0.000769559 -0.0492916 -0.022268
FixedParameters: 0 0 0

#Transform 24
Transform: AffineTransform_float_3_3
Parameters: 0.999999 0.000835071 9.45043e-05 -0.000835065 0.999999 -3.11034e-05 -9.45569e-05 3.18966e-05 1 -0.00830171 -0.00420164 -0.0296473
FixedParameters: 0 0 0

#Transform 25
Transform: AffineTransform_float_3_3
Parameters: 1 0.00054568 0.000140349 -0.000545672 1 -3.10766e-05 -0.000140382 3.09234e-05 1 -0.00932228 -0.0393016 -0.0240016
FixedParameters: 0 0 0

#Transform 26
Transform: AffineTransform_float_3_3
Parameters: 0.999999 0.000876419 0.000335884 -0.000876296 0.999999 -0.000183294 -0.000336205 0.000182705 1 -0.0288139 -0.0388455 -0.0434294
FixedParameters: 0 0 0

#Transform 27
Transform: AffineTransform_float_3_3
Parameters: 0.999999 0.000810379 9.84159e-05 -0.000810373 0.999999 -3.11042e-05 -9.8467e-05 3.18957e-05 1 -0.0210487 -0.0687788 -0.0194114
FixedParameters: 0 0 0

#Transform 28
Transform: AffineTransform_float_3_3
Parameters: 1 0.0004598 0.000153819 -0.000459695 1 -0.000341071 -0.000154132 0.000340929 1 -0.000490264 -0.0475061 0.028319
FixedParameters: 0 0 0

#Transform 29
Transform: AffineTransform_float_3_3
Parameters: 0.999999 0.000531876 0.000610412 -0.000532163 1 0.000234675 -0.000610162 -0.000235325 1 -0.0151346 -0.0570081 0.0734883
FixedParameters: 0 0 0

#Transform 30
Transform: AffineTransform_float_3_3
Parameters: 0.999999 0.000655089 0.000416866 -0.000655394 0.999999 0.000364727 -0.000416387 -0.000365273 1 0.00494488 -0.048257 0.0897925
FixedParameters: 0 0 0

#Transform 31
Transform: AffineTransform_float_3_3
Parameters: 0.999999 0.000788635 0.000101976 -0.000788659 0.999999 0.00011892 -0.000101789 -0.00011908 1 0.0169496 -0.047128 0.147998
FixedParameters: 0 0 0

#Transform 32
Transform: AffineTransform_float_3_3
Parameters: 0.999999 0.000751678 0.000348951 -0.000751925 0.999999 0.000353738 -0.000348419 -0.000354262 1 0.0131476 -0.0655043 0.17209
FixedParameters: 0 0 0

#Transform 33
Transform: AffineTransform_float_3_3
Parameters: 0.999999 0.000559884 0.00078718 -0.000560158 1 0.000173559 -0.000786985 -0.000174441 0.999999 0.0154951 -0.0151174 0.198032
FixedParameters: 0 0 0

#Transform 34
Transform: AffineTransform_float_3_3
Parameters: 0.999999 0.000292338 0.000801251 -0.000292507 0.999999 0.00072192 -0.000800985 -0.00072208 1 0.0331069 -0.0551308 0.27242
FixedParameters: 0 0 0

#Transform 35
Transform: AffineTransform_float_3_3
Parameters: 0.999999 5.76125e-06 0.000858575 -6.02891e-06 0.999999 0.00073115 -0.000858723 -0.000730851 1 0.0331419 -0.0487422 0.293898
FixedParameters: 0 0 0

#Transform 36
Transform: AffineTransform_float_3_3
Parameters: 0.999999 0.000448309 0.000872864 -0.000449725 0.999999 0.000811738 -0.000872135 -0.000811261 0.999999 0.0298932 -0.0327345 0.326335
FixedParameters: 0 0 0

#Transform 37
Transform: AffineTransform_float_3_3
Parameters: 0.999999 1.86064e-05 0.000940564 -1.91519e-05 0.999999 0.000815137 -0.00094069 -0.000814863 0.999999 0.0305163 -0.0411472 0.366311
FixedParameters: 0 0 0

#Transform 38
Transform: AffineTransform_float_3_3
Parameters: 0.999999 1.8183e-05 0.000940572 -1.85876e-05 0.999999 0.00126498 -0.000940839 -0.00126502 0.999999 0.0305518 -0.0551911 0.400029
FixedParameters: 0 0 0

#Transform 39
Transform: AffineTransform_float_3_3
Parameters: 1 3.08938e-05 0.00102059 -3.12191e-05 1 0.00112697 -0.00102083 -0.00112703 0.999999 0.0280427 -0.0335213 0.391564
FixedParameters: 0 0 0

#Transform 40
Transform: AffineTransform_float_3_3
Parameters: 0.999999 0.000249247 0.00173332 -0.000251178 1 0.00112672 -0.00173307 -0.00112728 0.999998 0.0109087 -0.0454325 0.373192
FixedParameters: 0 0 0

#Transform 41
Transform: AffineTransform_float_3_3
Parameters: 0.999998 -0.0002168 0.00162135 0.00021512 1 0.00112751 -0.00162215 -0.0011265 0.999998 0.0379004 -0.0590411 0.389447
FixedParameters: 0 0 0

#Transform 42
Transform: AffineTransform_float_3_3
Parameters: 0.999999 -0.000383961 0.00178222 0.000381828 0.999999 0.00119686 -0.00178246 -0.00119614 0.999998 0.0525093 -0.0663326 0.381384
FixedParameters: 0 0 0

#Transform 43
Transform: AffineTransform_float_3_3
Parameters: 0.999996 -0.000262369 0.00255379 0.000258911 1 0.00106415 -0.00255465 -0.00106285 0.999996 0.0644326 -0.0460939 0.366557
FixedParameters: 0 0 0

#Transform 44
Transform: AffineTransform_float_3_3
Parameters: 0.999996 -0.000263221 0.0025537 0.000259048 0.999999 0.00139718 -0.0025549 -0.00139682 0.999996 0.0546307 -0.0609887 0.394875
FixedParameters: 0 0 0

#Transform 45
Transform: AffineTransform_float_3_3
Parameters: 0.999996 -0.000264026 0.00255362 0.000259386 0.999999 0.00171316 -0.00255415 -0.00171184 0.999996 0.0476568 -0.100896 0.35794
FixedParameters: 0 0 0

#Transform 46
Transform: AffineTransform_float_3_3
Parameters: 0.999998 -0.000126893 0.00208237 0.000121593 0.999997 0.00249559 -0.00208278 -0.00249541 0.999995 0.0431617 -0.0890046 0.423715
FixedParameters: 0 0 0

#Transform 47
Transform: AffineTransform_float_3_3
Parameters: 0.999998 0.000171962 0.00196892 -0.000178341 0.999995 0.00312496 -0.00196876 -0.00312504 0.999993 0.0375132 -0.0948526 0.487232
FixedParameters: 0 0 0

#Transform 48
Transform: AffineTransform_float_3_3
Parameters: 0.999998 0.000323838 0.00190489 -0.000330997 0.999993 0.00369469 -0.00190356 -0.00369532 0.999992 0.0356962 -0.107832 0.542445
FixedParameters: 0 0 0

#Transform 49
Transform: AffineTransform_float_3_3
Parameters: 0.999998 0.000702879 0.00181344 -0.000711354 0.999987 0.004978 -0.00180994 -0.00497899 0.999986 0.028623 -0.0827624 0.554224
FixedParameters: 0 0 0

#Transform 50
Transform: AffineTransform_float_3_3
Parameters: 0.999999 0.00064031 0.00173104 -0.000649644 0.999986 0.00517719 -0.00172775 -0.0051788 0.999985 0.0322948 -0.124945 0.570211
FixedParameters: 0 0 0

#Transform 51
Transform: AffineTransform_float_3_3
Parameters: 0.999998 0.000607179 0.0015219 -0.000616446 0.999982 0.0058692 -0.0015181 -0.00586979 0.999981 0.0360027 -0.147221 0.594789
FixedParameters: 0 0 0

#Transform 52
Transform: AffineTransform_float_3_3
Parameters: 0.999998 0.000938027 0.00143717 -0.000946901 0.999982 0.00597378 -0.00143127 -0.00597522 0.999981 0.023676 -0.127932 0.591953
FixedParameters: 0 0 0

#Transform 53
Transform: AffineTransform_float_3_3
Parameters: 0.999999 0.000572366 0.00129671 -0.000580912 0.999981 0.00623025 -0.00129275 -0.00623175 0.999979 0.0305108 -0.16048 0.616832
FixedParameters: 0 0 0

#Transform 54
Transform: AffineTransform_float_3_3
Parameters: 0.999999 0.000789613 0.00129116 -0.000798122 0.999978 0.0065071 -0.00128619 -0.00650789 0.999978 0.0292225 -0.15487 0.598976
FixedParameters: 0 0 0

#Transform 55
Transform: AffineTransform_float_3_3
Parameters: 0.999998 0.00134123 0.00137331 -0.00135017 0.999979 0.00647311 -0.00136437 -0.00647489 0.999978 -0.00533949 -0.145744 0.597761
FixedParameters: 0 0 0

#Transform 56
Transform: AffineTransform_float_3_3
Parameters: 0.999998 0.00128957 0.000927152 -0.00129592 0.999977 0.00659678 -0.000918103 -0.00659821 0.999977 0.00415246 -0.174004 0.603126
FixedParameters: 0 0 0

#Transform 57
Transform: AffineTransform_float_3_3
Parameters: 0.999998 0.00137582 0.000988893 -0.00138212 0.999977 0.00657559 -0.000979909 -0.0065764 0.999977 -0.00282485 -0.146517 0.598437
FixedParameters: 0 0 0

#Transform 58
Transform: AffineTransform_float_3_3
Parameters: 0.999998 0.00126887 0.00101254 -0.00127512 0.999981 0.00598085 -0.00100533 -0.00598215 0.999982 -0.0212274 -0.10479 0.663185
FixedParameters: 0 0 0

#Transform 59
Transform: AffineTransform_float_3_3
Parameters: 1 0.0010675 0.000342719 -0.00106987 0.999978 0.00647763 -0.000335268 -0.00647836 0.999979 -0.00822443 -0.115762 0.611988
FixedParameters: 0 0 0

#Transform 60
Transform: AffineTransform_float_3_3
Parameters: 1 0.000264032 0.000386191 -0.000267027 0.999963 0.0086089 -0.000384221 -0.0086091 0.999963 0.0388861 -0.175495 0.741265
FixedParameters: 0 0 0

#Transform 61
Transform: AffineTransform_float_3_3
Parameters: 0.999999 0.00112312 0.000552285 -0.00112862 0.999951 0.0099172 -0.000540924 -0.00991779 0.99995 0.0194413 -0.148891 0.797817
FixedParameters: 0 0 0

#Transform 62
Transform: AffineTransform_float_3_3
Parameters: 0.999999 0.00116391 0.00103159 -0.00117297 0.999958 0.00901877 -0.00102112 -0.00902022 0.999958 0.0122708 -0.128214 0.755376
FixedParameters: 0 0 0

#Transform 63
Transform: AffineTransform_float_3_3
Parameters: 0.999999 0.000923947 0.00106711 -0.000932612 0.999962 0.00866701 -0.00105965 -0.00866899 0.999962 0.0223707 -0.118489 0.737589
FixedParameters: 0 0 0

#Transform 64
Transform: AffineTransform_float_3_3
Parameters: 1 0.000961842 0.000637839 -0.000967081 0.999961 0.00872836 -0.000629011 -0.00872863 0.999961 0.0332148 -0.126079 0.752094
FixedParameters: 0 0 0

#Transform 65
Transform: AffineTransform_float_3_3
Parameters: 0.999999 0.000823642 0.00108236 -0.000833246 0.999959 0.00905224 -0.00107501 -0.00905276 0.999959 0.045754 -0.119105 0.812545
FixedParameters: 0 0 0

#Transform 66
Transform: AffineTransform_float_3_3
Parameters: 1 0.000373358 0.00114955 -0.000384107 0.999957 0.00927772 -0.00114622 -0.00927828 0.999957 0.0652294 -0.123162 0.824632
FixedParameters: 0 0 0

#Transform 67
Transform: AffineTransform_float_3_3
Parameters: 1 -5.6006e-05 0.00121346 4.44678e-05 0.999956 0.00935706 -0.00121414 -0.00935694 0.999955 0.0675786 -0.098739 0.824047
FixedParameters: 0 0 0

#Transform 68
Transform: AffineTransform_float_3_3
Parameters: 0.999999 0.000232514 0.00168413 -0.000247018 0.999962 0.00870875 -0.0016823 -0.00870925 0.99996 0.050645 -0.0792903 0.807001
FixedParameters: 0 0 0

#Transform 69
Transform: AffineTransform_float_3_3
Parameters: 0.999999 -3.87052e-05 0.00143738 2.52657e-05 0.999957 0.0092482 -0.00143803 -0.0092478 0.999956 0.0580508 -0.110981 0.827865
FixedParameters: 0 0 0

#Transform 70
Transform: AffineTransform_float_3_3
Parameters: 0.999998 -0.000326597 0.00164205 0.000311183 0.999957 0.0091837 -0.00164417 -0.00918329 0.999956 0.0608597 -0.0954604 0.816214
FixedParameters: 0 0 0

#Transform 71
Transform: AffineTransform_float_3_3
Parameters: 0.999998 -0.000656441 0.00180103 0.000640067 0.999954 0.00958234 -0.00180722 -0.00958065 0.999952 0.0689883 -0.118624 0.841954
FixedParameters: 0 0 0

#Transform 72
Transform: AffineTransform_float_3_3
Parameters: 0.999998 -0.000887141 0.00182994 0.000868707 0.999951 0.00984681 -0.00183788 -0.00984519 0.99995 0.082838 -0.111744 0.821113
FixedParameters: 0 0 0

#Transform 73
Transform: AffineTransform_float_3_3
Parameters: 0.999998 -0.000691338 0.00197076 0.000671702 0.999952 0.00983155 -0.00197808 -0.00983045 0.99995 0.0823354 -0.0765554 0.835048
FixedParameters: 0 0 0

#Transform 74
Transform: AffineTransform_float_3_3
Parameters: 0.999997 -0.000992066 0.00234117 0.000965882 0.999938 0.0111315 -0.0023519 -0.0111285 0.999935 0.0969824 -0.105952 1.01833
FixedParameters: 0 0 0

#Transform 75
Transform: AffineTransform_float_3_3
Parameters: 0.999995 -0.00119675 0.00288498 0.00115932 0.999917 0.0128438 -0.00289981 -0.0128412 0.999913 0.0833847 -0.139677 1.18595
FixedParameters: 0 0 0

#Transform 76
Transform: AffineTransform_float_3_3
Parameters: 0.999994 -0.00130855 0.00302724 0.00126735 0.999907 0.0135863 -0.00304447 -0.0135827 0.999903 0.0931125 -0.145099 1.27637
FixedParameters: 0 0 0

#Transform 77
Transform: AffineTransform_float_3_3
Parameters: 0.999994 -0.000978016 0.00349078 0.000929124 0.999898 0.0142372 -0.0035047 -0.0142328 0.999893 0.0742051 -0.115159 1.33401
FixedParameters: 0 0 0

#Transform 78
Transform: AffineTransform_float_3_3
Parameters: 0.999992 -0.00115647 0.00368223 0.00110265 0.99989 0.0147799 -0.00369906 -0.0147761 0.999884 0.0692398 -0.141857 1.48702
FixedParameters: 0 0 0

#Transform 79
Transform: AffineTransform_float_3_3
Parameters: 0.999992 -0.00119115 0.00378337 0.00113309 0.999883 0.0152464 -0.00380059 -0.0152427 0.999877 0.0715748 -0.132255 1.52152
FixedParameters: 0 0 0

#Transform 80
Transform: AffineTransform_float_3_3
Parameters: 0.999991 -0.00125937 0.00386532 0.00119526 0.99986 0.0166497 -0.0038861 -0.0166453 0.999854 0.0681432 -0.163784 1.5509
FixedParameters: 0 0 0

#Transform 81
Transform: AffineTransform_float_3_3
Parameters: 0.99999 -0.00133071 0.00412205 0.00126322 0.999863 0.0165393 -0.00414351 -0.0165347 0.999855 0.0599855 -0.118182 1.55993
FixedParameters: 0 0 0

#Transform 82
Transform: AffineTransform_float_3_3
Parameters: 0.999991 -0.00160023 0.0039601 0.00153431 0.999861 0.016588 -0.00398608 -0.016582 0.999854 0.0801347 -0.133513 1.62097
FixedParameters: 0 0 0

#Transform 83
Transform: AffineTransform_float_3_3
Parameters: 0.999991 -0.00203462 0.00390156 0.00196546 0.999842 0.0176826 -0.0039367 -0.0176755 0.999837 0.0991747 -0.164993 1.66045
FixedParameters: 0 0 0

#Transform 84
Transform: AffineTransform_float_3_3
Parameters: 0.999989 -0.00181261 0.00448297 0.00173352 0.999847 0.017426 -0.00451453 -0.017418 0.999838 0.0811007 -0.127372 1.67422
FixedParameters: 0 0 0

#Transform 85
Transform: AffineTransform_float_3_3
Parameters: 0.999987 -0.001483 0.0047503 0.00139828 0.999844 0.0176063 -0.00477569 -0.0175996 0.999834 0.0650946 -0.141501 1.70736
FixedParameters: 0 0 0

#Transform 86
Transform: AffineTransform_float_3_3
Parameters: 0.99999 -0.00134714 0.00439987 0.00126248 0.999815 0.0192219 -0.00442501 -0.0192161 0.999805 0.068835 -0.16807 1.76185
FixedParameters: 0 0 0

#Transform 87
Transform: AffineTransform_float_3_3
Parameters: 0.999991 -0.00110054 0.00406984 0.00102004 0.999803 0.0198374 -0.00409037 -0.0198326 0.999795 0.0650345 -0.14684 1.75506
FixedParameters: 0 0 0

#Transform 88
Transform: AffineTransform_float_3_3
Parameters: 0.999991 -0.00108994 0.00413945 0.00100857 0.999807 0.0195896 -0.00416001 -0.0195854 0.9998 0.0544072 -0.118517 1.81041
FixedParameters: 0 0 0

#Transform 89
Transform: AffineTransform_float_3_3
Parameters: 0.999992 -0.000966405 0.00370378 0.000888654 0.999785 0.0206973 -0.00372282 -0.0206936 0.999779 0.0600521 -0.164256 1.83084
FixedParameters: 0 0 0

#Transform 90
Transform: AffineTransform_float_3_3
Parameters: 0.999993 -0.000884729 0.00366825 0.000808624 0.999784 0.020768 -0.0036862 -0.020765 0.999778 0.0459657 -0.145634 1.85229
FixedParameters: 0 0 0

#Transform 91
Transform: AffineTransform_float_3_3
Parameters: 0.999993 -0.000421766 0.00370876 0.000345089 0.999785 0.0207224 -0.00371663 -0.0207206 0.999778 0.0315495 -0.120516 1.87419
FixedParameters: 0 0 0

#Transform 92
Transform: AffineTransform_float_3_3
Parameters: 0.999995 -0.000495169 0.0031696 0.00042905 0.999782 0.0208622 -0.00317914 -0.0208608 0.999777 0.046249 -0.126075 1.92035
FixedParameters: 0 0 0

#Transform 93
Transform: AffineTransform_float_3_3
Parameters: 0.999995 -0.000109433 0.00292763 4.61621e-05 0.999768 0.0215479 -0.00292982 -0.0215471 0.999763 0.0450704 -0.135932 1.92324
FixedParameters: 0 0 0

#Transform 94
Transform: AffineTransform_float_3_3
Parameters: 0.999995 -6.7261e-05 0.00332819 -7.13948e-07 0.999791 0.0204339 -0.00332817 -0.0204331 0.999785 0.0490367 -0.0915832 1.87949
FixedParameters: 0 0 0

#Transform 95
Transform: AffineTransform_float_3_3
Parameters: 0.999992 0.000577919 0.00398439 -0.000656015 0.99981 0.0194938 -0.00397253 -0.0194962 0.999802 0.0129278 -0.0277992 1.91638
FixedParameters: 0 0 0

#Transform 96
Transform: AffineTransform_float_3_3
Parameters: 0.999996 6.6883e-05 0.00306409 -0.000132924 0.999769 0.0214615 -0.00306207 -0.0214615 0.999765 0.0825141 -0.166025 2.05173
FixedParameters: 0 0 0

#Transform 97
Transform: AffineTransform_float_3_3
Parameters: 0.999995 0.000197521 0.0029119 -0.000262383 0.999755 0.022142 -0.00290678 -0.022143 0.99975 0.0977496 -0.141895 2.06643
FixedParameters: 0 0 0

#Transform 98
Transform: AffineTransform_float_3_3
Parameters: 0.999996 0.000908121 0.00286358 -0.000969682 0.999766 0.0215869 -0.00284292 -0.0215901 0.999762 0.0709938 -0.0652388 2.047
FixedParameters: 0 0 0

#Transform 99
Transform: AffineTransform_float_3_3
Parameters: 0.999995 0.000787149 0.00283198 -0.000850314 0.999747 0.0224783 -0.00281438 -0.0224807 0.999743 0.0964926 -0.136939 2.11085
FixedParameters: 0 0 0

#Transform 100
Transform: AffineTransform_float_3_3
Parameters: 0.999995 0.000809623 0.00308112 -0.00087823 0.999753 0.0222132 -0.00306247 -0.0222159 0.999749 0.0919651 -0.052266 2.0719
FixedParameters: 0 0 0

#Transform 101
Transform: AffineTransform_float_3_3
Parameters: 0.999996 0.000539025 0.00254165 -0.000608896 0.999622 0.0274642 -0.00252616 -0.0274658 0.99962 0.13452 -0.220377 2.24142
FixedParameters: 0 0 0

#Transform 102
Transform: AffineTransform_float_3_3
Parameters: 0.999993 0.000677659 0.0037062 -0.000772727 0.999665 0.0258824 -0.00368695 -0.0258846 0.999658 0.0945058 -0.0629615 2.13964
FixedParameters: 0 0 0

#Transform 103
Transform: AffineTransform_float_3_3
Parameters: 0.99999 0.00067026 0.00425185 -0.000779868 0.999666 0.0258155 -0.00423276 -0.0258185 0.999658 0.0810606 -0.11615 2.13376
FixedParameters: 0 0 0

#Transform 104
Transform: AffineTransform_float_3_3
Parameters: 0.99999 0.000902974 0.00449591 -0.00100968 0.999714 0.0238992 -0.00447332 -0.0239038 0.999704 0.0616972 -0.0719305 2.0054
FixedParameters: 0 0 0

#Transform 105
Transform: AffineTransform_float_3_3
Parameters: 0.999991 0.00113513 0.00413357 -0.00123109 0.999726 0.0233783 -0.00410673 -0.0233837 0.999718 0.0668773 -0.0430412 1.95075
FixedParameters: 0 0 0

#Transform 106
Transform: AffineTransform_float_3_3
Parameters: 0.999989 0.00122976 0.00437341 -0.00133432 0.999714 0.0238629 -0.00434277 -0.0238681 0.999706 0.0449256 -0.0886377 2.04815
FixedParameters: 0 0 0

#Transform 107
Transform: AffineTransform_float_3_3
Parameters: 0.99999 0.00125296 0.00424036 -0.00135505 0.999707 0.02417 -0.0042097 -0.024175 0.999699 0.0349772 -0.0681585 2.05429
FixedParameters: 0 0 0

#Transform 108
Transform: AffineTransform_float_3_3
Parameters: 0.99999 0.00155776 0.00432947 -0.00166142 0.999714 0.0238774 -0.00429105 -0.0238846 0.999705 0.0198679 -0.054119 2.02327
FixedParameters: 0 0 0

#Transform 109
Transform: AffineTransform_float_3_3
Parameters: 0.999989 0.00117259 0.00438129 -0.00127874 0.999705 0.0242431 -0.00435174 -0.0242489 0.999696 0.024488 -0.0631966 2.09299
FixedParameters: 0 0 0

#Transform 110
Transform: AffineTransform_float_3_3
Parameters: 0.999989 0.00162319 0.00451852 -0.00173057 0.999712 0.023932 -0.00447863 -0.023939 0.999704 0.0268677 -0.0447781 2.30155
FixedParameters: 0 0 0

#Transform 111
Transform: AffineTransform_float_3_3
Parameters: 0.999989 0.00117045 0.00465913 -0.00128478 0.999701 0.024435 -0.00462912 -0.0244411 0.999691 0.0493212 -0.0585261 2.49158
FixedParameters: 0 0 0

#Transform 112
Transform: AffineTransform_float_3_3
Parameters: 0.99999 0.000962409 0.00440955 -0.00107134 0.999694 0.024705 -0.00438456 -0.024709 0.999685 0.0818527 0.014351 2.56355
FixedParameters: 0 0 0

#Transform 113
Transform: AffineTransform_float_3_3
Parameters: 0.999988 0.000826269 0.00468896 -0.000941219 0.999695 0.0246687 -0.00466776 -0.0246723 0.999685 0.099649 0.012158 2.61302
FixedParameters: 0 0 0

#Transform 114
Transform: AffineTransform_float_3_3
Parameters: 0.99999 0.000753157 0.00450805 -0.000864979 0.999693 0.0247969 -0.00448757 -0.0248011 0.999682 0.105357 0.020175 2.62111
FixedParameters: 0 0 0

#Transform 115
Transform: AffineTransform_float_3_3
Parameters: 0.999986 0.000593465 0.00512854 -0.000719686 0.999696 0.0246298 -0.00511211 -0.0246332 0.999684 0.0935268 0.0196917 2.66386
FixedParameters: 0 0 0

#Transform 116
Transform: AffineTransform_float_3_3
Parameters: 0.999986 7.64391e-05 0.00519747 -0.000203528 0.999699 0.0245534 -0.00519367 -0.0245546 0.999685 0.110252 0.0583248 2.71203
FixedParameters: 0 0 0

#Transform 117
Transform: AffineTransform_float_3_3
Parameters: 0.999987 0.000190036 0.00508751 -0.000314822 0.999699 0.0245278 -0.0050807 -0.0245292 0.999687 0.114468 0.0570098 2.77739
FixedParameters: 0 0 0

#Transform 118
Transform: AffineTransform_float_3_3
Parameters: 0.999986 0.000114498 0.00531748 -0.000244928 0.999697 0.0245783 -0.00531318 -0.0245797 0.999684 0.108893 0.0499142 2.79185
FixedParameters: 0 0 0

#Transform 119
Transform: AffineTransform_float_3_3
Parameters: 0.999983 -6.16644e-05 0.00585933 -8.30042e-05 0.999693 0.0247865 -0.00585861 -0.0247865 0.999676 0.112423 0.0484287 2.80144
FixedParameters: 0 0 0
