#Insight Transform File V1.0
#Transform 0
Transform: AffineTransform_float_3_3
Parameters: 1 -0.00025448 5.69931e-05 0.000254247 0.999997 0.00270602 -5.73727e-05 -0.00270599 0.999997 0.118545 -0.0729353 0.059775
FixedParameters: 0 0 0

#Transform 1
Transform: AffineTransform_float_3_3
Parameters: 1 -0.000448675 7.52596e-05 0.000448366 0.999995 0.00305504 -7.6006e-05 -0.00305497 0.999996 0.113462 -0.102334 0.0815423
FixedParameters: 0 0 0

#Transform 2
Transform: AffineTransform_float_3_3
Parameters: 1 -0.000290062 -0.000137791 0.000289771 0.999998 0.00228796 0.000137538 -0.00228705 0.999998 0.118336 -0.0167789 0.00247766
FixedParameters: 0 0 0

#Transform 3
Transform: AffineTransform_float_3_3
Parameters: 1 -0.000548048 -0.000224142 0.00054949 0.999995 0.00288288 0.000222972 -0.00288312 0.999996 0.111087 -0.113622 0.0757193
FixedParameters: 0 0 0

#Transform 4
Transform: AffineTransform_float_3_3
Parameters: 1 -0.000526429 -0.000213208 0.000526317 0.999998 0.00189989 0.000212281 -0.00190011 0.999998 0.102657 -0.029679 -0.0272092
FixedParameters: 0 0 0

#Transform 5
Transform: AffineTransform_float_3_3
Parameters: 1 -0.00064741 4.97683e-06 0.000647534 0.999997 0.00264193 -6.40397e-06 -0.00264207 0.999996 0.105173 -0.115607 0.0643357
FixedParameters: 0 0 0

#Transform 6
Transform: AffineTransform_float_3_3
Parameters: 1 -0.000539709 -0.000271586 0.000540036 0.999997 0.00230085 0.000270175 -0.00230115 0.999998 0.0842249 -0.03163 0.0263673
FixedParameters: 0 0 0

#Transform 7
Transform: AffineTransform_float_3_3
Parameters: 1 -0.000386943 -0.000308124 0.000387552 0.999997 0.00248588 0.000307272 -0.00248612 0.999997 0.0829618 -0.0708219 0.0151379
FixedParameters: 0 0 0

#Transform 8
Transform: AffineTransform_float_3_3
Parameters: 1 -0.000553268 -0.000358776 0.000554935 0.999998 0.00222072 0.000357312 -0.00222127 0.999997 0.0710688 -0.0804242 0.0590569
FixedParameters: 0 0 0

#Transform 9
Transform: AffineTransform_float_3_3
Parameters: 0.999999 -0.000845059 -0.000236433 0.000846109 0.999998 0.0019018 0.000235211 -0.0019022 0.999998 0.0879324 -0.039371 0.0317933
FixedParameters: 0 0 0

#Transform 10
Transform: AffineTransform_float_3_3
Parameters: 0.999999 -0.000852443 -0.000336401 0.000854069 0.999997 0.00219264 0.000334652 -0.00219336 0.999997 0.0650526 -0.107174 0.083848
FixedParameters: 0 0 0

#Transform 11
Transform: AffineTransform_float_3_3
Parameters: 1 -0.00061455 0.000108689 0.000614275 0.999999 0.00125407 -0.00011023 -0.00125393 0.999999 0.0522875 -0.0139264 0.0113623
FixedParameters: 0 0 0

#Transform 12
Transform: AffineTransform_float_3_3
Parameters: 1 -0.000582528 0.00032072 0.00058263 0.999998 0.00151319 -0.000321563 -0.00151281 0.999999 0.0464991 -0.112451 0.0879859
FixedParameters: 0 0 0

#Transform 13
Transform: AffineTransform_float_3_3
Parameters: 1 -0.000536476 0.00031757 0.000535958 1 0.000937094 -0.000317578 -0.000936906 0.999999 0.0362242 -0.00631865 -0.0173468
FixedParameters: 0 0 0

#Transform 14
Transform: AffineTransform_float_3_3
Parameters: 1 -0.000686799 -7.73868e-05 0.000687069 0.999999 0.00125095 7.66652e-05 -0.00125105 0.999999 0.0642378 -0.0937543 0.0732817
FixedParameters: 0 0 0

#Transform 15
Transform: AffineTransform_float_3_3
Parameters: 0.999999 -0.000823156 5.55763e-05 0.000823132 1 0.000895969 -5.60543e-05 -0.000896031 0.999999 0.0493697 -0.0136707 0.00993015
FixedParameters: 0 0 0

#Transform 16
Transform: AffineTransform_float_3_3
Parameters: 1 -0.000427722 0.000309402 0.00042835 0.999999 0.000721132 -0.000309099 -0.000720867 0.999999 0.0347526 -0.0261514 0.0492139
FixedParameters: 0 0 0

#Transform 17
Transform: AffineTransform_float_3_3
Parameters: 1 -0.000394854 0.000306847 0.000394416 0.999999 0.00084012 -0.000306513 -0.000839878 0.999999 0.0343837 -0.0757395 0.0439291
FixedParameters: 0 0 0

#Transform 18
Transform: AffineTransform_float_3_3
Parameters: 1 5.3049e-05 0.000272738 -5.31112e-05 1 0.000113986 -0.000272725 -0.000114014 1 0.00406996 0.0202833 -0.0247726
FixedParameters: 0 0 0

#Transform 19
Transform: AffineTransform_float_3_3
Parameters: 1 -0.000332001 -0.000171217 0.000332198 1 0.000575943 0.000170834 -0.000576057 1 0.028231 -0.0753203 0.0191404
FixedParameters: 0 0 0

#Transform 20
Transform: AffineTransform_float_3_3
Parameters: 1 -0.000320898 -2.54698e-05 0.0003209 1 4.29918e-05 2.54422e-05 -4.30082e-05 1 0.00668608 -0.00666771 -0.00142732
FixedParameters: 0 0 0

#Transform 21
Transform: AffineTransform_float_3_3
Parameters: 1 0.000140445 -0.00020743 -0.000140562 1 -0.000280971 0.000207351 0.000281029 1 -0.00128673 -0.0431352 -0.0401427
FixedParameters: 0 0 0

#Transform 22
Transform: AffineTransform_float_3_3
Parameters: 1 -7.8727e-05 -0.000333964 7.89761e-05 1 0.000372974 0.000333905 -0.000373026 1 0.0128693 -0.0607958 0.0111558
FixedParameters: 0 0 0

#Transform 23
Transform: AffineTransform_float_3_3
Parameters: 1 9.55405e-05 -0.000203983 -9.57313e-05 1 -0.00046798 0.000203893 0.000468019 1 0.00578525 0.00149245 -0.0523618
FixedParameters: 0 0 0

#Transform 24
Transform: AffineTransform_float_3_3
Parameters: 1 -2.1049e-05 0.000415854 2.12686e-05 1 -0.000263991 -0.000415843 0.000264009 1 0.00473178 -0.054792 0.0328882
FixedParameters: 0 0 0

#Transform 25
Transform: AffineTransform_float_3_3
Parameters: 1 0.00020129 0.000213961 -0.000200763 0.999999 -0.00123104 -0.000214456 0.00123096 0.999999 0.00510414 0.035691 -0.0607617
FixedParameters: 0 0 0

#Transform 26
Transform: AffineTransform_float_3_3
Parameters: 1 0.000139652 0.000209824 -0.000139379 1 -0.000651029 -0.000210006 0.00065097 1 0.00895542 -0.0501813 0.0325233
FixedParameters: 0 0 0

#Transform 27
Transform: AffineTransform_float_3_3
Parameters: 1 0.000461937 0.00037808 -0.000461889 0.999999 -0.00138017 -0.000379278 0.00137982 0.999999 -0.0178758 0.0537152 -0.0761492
FixedParameters: 0 0 0

#Transform 28
Transform: AffineTransform_float_3_3
Parameters: 0.999999 0.000771105 7.43103e-05 -0.000770957 0.999999 -0.000983134 -7.58262e-05 0.000982865 0.999999 -0.0129459 -0.0338054 0.00706787
FixedParameters: 0 0 0

#Transform 29
Transform: AffineTransform_float_3_3
Parameters: 0.999999 0.000793028 0.000351915 -0.000792764 0.999999 -0.00167936 -0.000353503 0.00167864 0.999998 -0.0223697 0.0243531 -0.0709517
FixedParameters: 0 0 0

#Transform 30
Transform: AffineTransform_float_3_3
Parameters: 1 0.000211115 0.000392803 -0.000211424 0.999999 -0.000876082 -0.000393097 0.000875916 0.999999 -0.00621058 -0.0383373 -0.0148295
FixedParameters: 0 0 0

#Transform 31
Transform: AffineTransform_float_3_3
Parameters: 1 0.000621902 0.00016578 -0.000621279 0.999999 -0.00164219 -0.000166825 0.00164281 0.999998 -0.0172859 0.0432054 -0.106276
FixedParameters: 0 0 0

#Transform 32
Transform: AffineTransform_float_3_3
Parameters: 1 0.000661787 4.8729e-05 -0.000661614 1 -0.000980109 -4.90289e-05 0.000979891 0.999999 -0.0102602 -0.0249134 -0.0813141
FixedParameters: 0 0 0

#Transform 33
Transform: AffineTransform_float_3_3
Parameters: 1 0.00065269 -6.79806e-05 -0.000652834 0.999999 -0.00107696 6.65745e-05 0.00107704 1 -0.00633221 -0.0484331 -0.00848518
FixedParameters: 0 0 0

#Transform 34
Transform: AffineTransform_float_3_3
Parameters: 1 0.000382475 -4.71902e-05 -0.000382646 0.999998 -0.00183898 4.57831e-05 0.00183902 0.999999 -0.00269291 0.0196577 -0.100351
FixedParameters: 0 0 0

#Transform 35
Transform: AffineTransform_float_3_3
Parameters: 1 0.000584879 -6.28445e-05 -0.000585045 0.999999 -0.00133996 6.12768e-05 0.00134004 0.999999 -0.00545211 -0.036783 -0.010738
FixedParameters: 0 0 0

#Transform 36
Transform: AffineTransform_float_3_3
Parameters: 1 0.000177126 -3.09228e-05 -0.00017721 0.999999 -0.00135599 3.04423e-05 0.00135601 0.999999 0.0189574 -0.00968458 -0.0129756
FixedParameters: 0 0 0

#Transform 37
Transform: AffineTransform_float_3_3
Parameters: 1 0.000199009 0.000247145 -0.000198136 0.999999 -0.00176405 -0.000247845 0.00176395 0.999999 0.00951721 0.0110503 -0.0209552
FixedParameters: 0 0 0

#Transform 38
Transform: AffineTransform_float_3_3
Parameters: 1 0.000177099 -3.10828e-05 -0.000177237 0.999998 -0.002259 3.02823e-05 0.00225901 0.999998 0.018967 0.0361911 -0.0620774
FixedParameters: 0 0 0

#Transform 39
Transform: AffineTransform_float_3_3
Parameters: 0.999999 0.000795168 0.000171188 -0.000794988 0.999996 -0.00296621 -0.000173834 0.00296579 0.999995 0.00240535 0.079891 -0.0656643
FixedParameters: 0 0 0

#Transform 40
Transform: AffineTransform_float_3_3
Parameters: 1 0.000483035 0.000106917 -0.000483271 0.999996 -0.00283305 -0.000107583 0.00283295 0.999996 0.0122062 0.0205063 -0.109532
FixedParameters: 0 0 0

#Transform 41
Transform: AffineTransform_float_3_3
Parameters: 0.999999 0.000790685 0.00011396 -0.000790649 0.999993 -0.00348409 -0.000116402 0.00348391 0.999994 0.016395 0.064459 -0.143352
FixedParameters: 0 0 0

#Transform 42
Transform: AffineTransform_float_3_3
Parameters: 1 0.000269767 -3.87147e-05 -0.000270018 0.999995 -0.00332507 3.69199e-05 0.00332493 0.999994 0.0277301 0.0130602 -0.141859
FixedParameters: 0 0 0

#Transform 43
Transform: AffineTransform_float_3_3
Parameters: 1 0.0006924 -7.27141e-05 -0.000692734 0.999994 -0.00341895 6.99724e-05 0.00341905 0.999994 0.00602202 0.0434665 -0.153398
FixedParameters: 0 0 0

#Transform 44
Transform: AffineTransform_float_3_3
Parameters: 1 0.00014978 -0.000408307 -0.000151467 0.999995 -0.00338094 0.000408209 0.00338106 0.999994 0.0321827 0.0186225 -0.161461
FixedParameters: 0 0 0

#Transform 45
Transform: AffineTransform_float_3_3
Parameters: 1 0.000449193 -5.3092e-05 -0.000449456 0.999994 -0.00326097 5.11585e-05 0.00326102 0.999994 0.0156738 0.0358916 -0.0985792
FixedParameters: 0 0 0

#Transform 46
Transform: AffineTransform_float_3_3
Parameters: 1 0.000227214 0.000552502 -0.000224938 0.999993 -0.00379312 -0.000553067 0.00379287 0.999992 0.00981132 0.0482876 -0.186065
FixedParameters: 0 0 0

#Transform 47
Transform: AffineTransform_float_3_3
Parameters: 1 0.000370393 0.00011465 -0.000369502 0.999993 -0.00352904 -0.000116264 0.00352896 0.999994 0.0295637 0.0456116 -0.0930123
FixedParameters: 0 0 0

#Transform 48
Transform: AffineTransform_float_3_3
Parameters: 1 0.000142134 0.000133022 -0.000142184 0.999993 -0.00354802 -0.000133954 0.00354798 0.999993 0.0362811 0.0458361 -0.107419
FixedParameters: 0 0 0

#Transform 49
Transform: AffineTransform_float_3_3
Parameters: 0.999999 0.000760977 0.000337162 -0.000759471 0.999988 -0.00471426 -0.000340188 0.00471473 0.999989 -0.00543649 0.138836 -0.252086
FixedParameters: 0 0 0

#Transform 50
Transform: AffineTransform_float_3_3
Parameters: 1 0.000353449 0.000116011 -0.000353543 0.999993 -0.00353904 -0.000117439 0.00353896 0.999993 0.0228723 -0.00443033 -0.110859
FixedParameters: 0 0 0

#Transform 51
Transform: AffineTransform_float_3_3
Parameters: 1 0.000413371 0.000110766 -0.000412196 0.99999 -0.00457812 -0.000112552 0.00457788 0.999989 0.0116041 0.117046 -0.253157
FixedParameters: 0 0 0

#Transform 52
Transform: AffineTransform_float_3_3
Parameters: 1 0.000259759 7.32806e-05 -0.000260093 0.999992 -0.00397702 -7.42743e-05 0.00397698 0.999992 0.0326732 0.0402555 -0.124421
FixedParameters: 0 0 0

#Transform 53
Transform: AffineTransform_float_3_3
Parameters: 1 0.000625655 9.35284e-05 -0.000625649 0.99999 -0.00445806 -9.70359e-05 0.00445794 0.99999 0.01138 0.126626 -0.154988
FixedParameters: 0 0 0

#Transform 54
Transform: AffineTransform_float_3_3
Parameters: 1 8.83597e-05 0.000137323 -8.72802e-05 0.999993 -0.00392101 -0.000138012 0.00392099 0.999993 0.0465262 0.0460486 -0.123568
FixedParameters: 0 0 0

#Transform 55
Transform: AffineTransform_float_3_3
Parameters: 1 0.000434853 0.000369497 -0.0004326 0.999984 -0.00552016 -0.000372137 0.00551984 0.999984 0.0201261 0.143934 -0.148293
FixedParameters: 0 0 0

#Transform 56
Transform: AffineTransform_float_3_3
Parameters: 0.999999 0.000450244 0.000564349 -0.000447131 0.999991 -0.00438226 -0.000566134 0.00438175 0.99999 0.0134701 0.038289 -0.106804
FixedParameters: 0 0 0

#Transform 57
Transform: AffineTransform_float_3_3
Parameters: 0.999999 0.000466344 0.000759577 -0.000462101 0.999989 -0.00465435 -0.000761673 0.00465365 0.999989 0.029566 0.0924814 -0.115004
FixedParameters: 0 0 0

#Transform 58
Transform: AffineTransform_float_3_3
Parameters: 0.999999 0.000471505 0.000817129 -0.000466835 0.999986 -0.0051963 -0.000819704 0.00519569 0.999986 0.0275505 0.103174 -0.221914
FixedParameters: 0 0 0

#Transform 59
Transform: AffineTransform_float_3_3
Parameters: 1 0.000651796 0.000765237 -0.000647707 0.999986 -0.00511642 -0.000768587 0.00511558 0.999987 0.0264875 0.0820248 -0.134334
FixedParameters: 0 0 0

#Transform 60
Transform: AffineTransform_float_3_3
Parameters: 0.999999 0.000532939 0.000653092 -0.000528717 0.999981 -0.00614835 -0.000657318 0.00614765 0.999981 0.0126559 0.136529 -0.263035
FixedParameters: 0 0 0

#Transform 61
Transform: AffineTransform_float_3_3
Parameters: 0.999999 0.000759524 0.000634958 -0.000756714 0.999987 -0.00515456 -0.000639474 0.00515344 0.999986 0.0110522 0.0383578 -0.127397
FixedParameters: 0 0 0

#Transform 62
Transform: AffineTransform_float_3_3
Parameters: 0.999999 0.00100946 0.00106847 -0.00100387 0.999984 -0.00568309 -0.00107439 0.00568192 0.999983 -0.00885806 0.128549 -0.237958
FixedParameters: 0 0 0

#Transform 63
Transform: AffineTransform_float_3_3
Parameters: 0.999999 0.000497874 0.00113082 -0.000490722 0.999983 -0.00570048 -0.001133 0.00569952 0.999983 0.0169944 0.0993296 -0.182767
FixedParameters: 0 0 0

#Transform 64
Transform: AffineTransform_float_3_3
Parameters: 0.999999 0.00103445 0.00086068 -0.00102919 0.999983 -0.0057089 -0.000867091 0.00570811 0.999984 0.00499716 0.119092 -0.138944
FixedParameters: 0 0 0

#Transform 65
Transform: AffineTransform_float_3_3
Parameters: 0.999998 0.000882206 0.00143887 -0.000873136 0.999981 -0.00612619 -0.00144395 0.00612481 0.99998 0.000694492 0.123736 -0.194619
FixedParameters: 0 0 0

#Transform 66
Transform: AffineTransform_float_3_3
Parameters: 0.999999 0.000867689 0.00127502 -0.000861342 0.999985 -0.00545903 -0.00127886 0.00545797 0.999984 0.00636353 0.082001 -0.0977186
FixedParameters: 0 0 0

#Transform 67
Transform: AffineTransform_float_3_3
Parameters: 0.999999 0.00121702 0.0014001 -0.0012085 0.999981 -0.00604171 -0.00140709 0.00604028 0.99998 -0.0132938 0.146189 -0.169048
FixedParameters: 0 0 0

#Transform 68
Transform: AffineTransform_float_3_3
Parameters: 0.999998 0.000976094 0.00128039 -0.000969521 0.999986 -0.00516225 -0.00128591 0.00516075 0.999986 -0.00161359 0.117195 -0.165128
FixedParameters: 0 0 0

#Transform 69
Transform: AffineTransform_float_3_3
Parameters: 0.999998 0.00118885 0.0015046 -0.00118244 0.99999 -0.00434272 -0.00151037 0.00434028 0.99999 -0.00636956 0.102173 -0.117671
FixedParameters: 0 0 0

#Transform 70
Transform: AffineTransform_float_3_3
Parameters: 0.999999 0.00141032 0.00115327 -0.00140542 0.999989 -0.00450863 -0.00115952 0.00450637 0.999989 -0.0102284 0.137215 -0.207577
FixedParameters: 0 0 0

#Transform 71
Transform: AffineTransform_float_3_3
Parameters: 0.999998 0.00139757 0.00100344 -0.00139407 0.999991 -0.00402941 -0.00100932 0.00402759 0.999992 -0.00525272 0.077448 -0.0973556
FixedParameters: 0 0 0

#Transform 72
Transform: AffineTransform_float_3_3
Parameters: 0.999998 0.001395 0.000970421 -0.00139151 0.99999 -0.00412136 -0.000975537 0.00411964 0.999991 -0.0122231 0.0791915 -0.172482
FixedParameters: 0 0 0

#Transform 73
Transform: AffineTransform_float_3_3
Parameters: 0.999999 0.000904633 0.000846316 -0.000902833 0.999994 -0.00332277 -0.00085002 0.00332123 0.999994 0.00811906 0.0285495 -0.10069
FixedParameters: 0 0 0

#Transform 74
Transform: AffineTransform_float_3_3
Parameters: 0.999999 0.000919208 0.00102131 -0.000916184 0.999992 -0.00380187 -0.00102491 0.00380113 0.999992 0.00674718 0.0879958 -0.158929
FixedParameters: 0 0 0

#Transform 75
Transform: AffineTransform_float_3_3
Parameters: 0.999999 0.000928387 0.00113494 -0.000924499 0.999993 -0.00380206 -0.00113861 0.00380094 0.999992 -0.00910533 0.0873391 -0.16736
FixedParameters: 0 0 0

#Transform 76
Transform: AffineTransform_float_3_3
Parameters: 0.999996 0.00160156 0.00205619 -0.00159286 0.99999 -0.00418123 -0.00206287 0.00417777 0.999989 -0.0480883 0.0975972 -0.180649
FixedParameters: 0 0 0

#Transform 77
Transform: AffineTransform_float_3_3
Parameters: 0.999996 0.00160571 0.00209113 -0.00159616 0.999987 -0.00477022 -0.00209858 0.00476778 0.999987 -0.0492964 0.114212 -0.227561
FixedParameters: 0 0 0

#Transform 78
Transform: AffineTransform_float_3_3
Parameters: 0.999996 0.00203554 0.00227492 -0.00202618 0.999989 -0.00412358 -0.00228391 0.00411941 0.999988 -0.0622087 0.0618267 -0.168819
FixedParameters: 0 0 0

#Transform 79
Transform: AffineTransform_float_3_3
Parameters: 0.999995 0.00232014 0.00224943 -0.00230859 0.999983 -0.00525017 -0.00226175 0.00524483 0.999984 -0.0951875 0.153428 -0.200496
FixedParameters: 0 0 0

#Transform 80
Transform: AffineTransform_float_3_3
Parameters: 0.999992 0.00230109 0.00305574 -0.00228519 0.999984 -0.00523183 -0.00306745 0.00522418 0.999982 -0.0826983 0.0905318 -0.17651
FixedParameters: 0 0 0

#Transform 81
Transform: AffineTransform_float_3_3
Parameters: 0.999992 0.00217441 0.00341203 -0.0021558 0.999983 -0.00538506 -0.00342391 0.00537794 0.99998 -0.0654649 0.123226 -0.151622
FixedParameters: 0 0 0

#Transform 82
Transform: AffineTransform_float_3_3
Parameters: 0.999994 0.00213346 0.00248186 -0.00211978 0.999982 -0.00558717 -0.0024935 0.00558282 0.999981 -0.0342205 0.153824 -0.106766
FixedParameters: 0 0 0

#Transform 83
Transform: AffineTransform_float_3_3
Parameters: 0.999997 0.00191234 0.00188404 -0.0019037 0.999986 -0.00501055 -0.00189334 0.00500646 0.999986 -0.0205706 0.108443 -0.168669
FixedParameters: 0 0 0

#Transform 84
Transform: AffineTransform_float_3_3
Parameters: 0.999996 0.00227267 0.0017689 -0.00226577 0.99999 -0.00374505 -0.00177737 0.00374095 0.999992 -0.0276617 0.0378134 -0.0636343
FixedParameters: 0 0 0

#Transform 85
Transform: AffineTransform_float_3_3
Parameters: 0.999996 0.00192186 0.00179519 -0.00191258 0.999986 -0.00488039 -0.00180424 0.00487661 0.999987 -0.0272095 0.0978674 -0.163803
FixedParameters: 0 0 0

#Transform 86
Transform: AffineTransform_float_3_3
Parameters: 0.999997 0.001992 0.00179113 -0.00198518 0.999991 -0.00397259 -0.00179933 0.00396841 0.999991 -0.016445 0.0520721 -0.0651583
FixedParameters: 0 0 0

#Transform 87
Transform: AffineTransform_float_3_3
Parameters: 0.999995 0.00234118 0.00216223 -0.00233027 0.999985 -0.00487202 -0.00217416 0.00486698 0.999986 -0.0545637 0.160111 -0.247725
FixedParameters: 0 0 0

#Transform 88
Transform: AffineTransform_float_3_3
Parameters: 0.999996 0.00230673 0.00171257 -0.00230127 0.999991 -0.00346698 -0.00172103 0.00346302 0.999993 -0.0250146 -0.00998086 -0.072789
FixedParameters: 0 0 0

#Transform 89
Transform: AffineTransform_float_3_3
Parameters: 0.999998 0.00167539 0.00109558 -0.00167285 0.999996 -0.00196385 -0.00109901 0.00196215 0.999998 0.0341822 0.0323047 -0.0441436
FixedParameters: 0 0 0

#Transform 90
Transform: AffineTransform_float_3_3
Parameters: 0.999999 0.000965379 0.00102632 -0.000964812 1 -0.000724997 -0.00102665 0.000724004 0.999999 0.0498017 0.00370504 -0.0417229
FixedParameters: 0 0 0

#Transform 91
Transform: AffineTransform_float_3_3
Parameters: 0.999999 0.000965804 0.00102592 -0.000964387 0.999999 -0.001139 -0.00102705 0.001138 0.999999 0.0383727 0.0122018 -0.115861
FixedParameters: 0 0 0

#Transform 92
Transform: AffineTransform_float_3_3
Parameters: 0.999999 0.000890773 0.00110213 -0.000887716 0.999997 -0.00222099 -0.00110393 0.00222001 0.999997 0.0370663 0.0193237 -0.0855397
FixedParameters: 0 0 0

#Transform 93
Transform: AffineTransform_float_3_3
Parameters: 1 0.000412328 0.000972392 -0.000410437 0.999997 -0.00250832 -0.000974226 0.00250768 0.999997 0.0490914 0.0213511 -0.056747
FixedParameters: 0 0 0

#Transform 94
Transform: AffineTransform_float_3_3
Parameters: 1 0.000689086 0.000984984 -0.000685283 0.999994 -0.00336768 -0.000987387 0.00336632 0.999994 0.0441351 0.0862986 -0.120981
FixedParameters: 0 0 0

#Transform 95
Transform: AffineTransform_float_3_3
Parameters: 0.999999 0.000812452 0.00103637 -0.000808573 0.999994 -0.00323676 -0.00103939 0.00323523 0.999994 0.0426453 0.0404167 -0.0471811
FixedParameters: 0 0 0

#Transform 96
Transform: AffineTransform_float_3_3
Parameters: 0.999998 0.00109737 0.00126022 -0.00109276 0.999994 -0.00331639 -0.00126419 0.00331461 0.999993 0.0137534 0.0832272 -0.128005
FixedParameters: 0 0 0

#Transform 97
Transform: AffineTransform_float_3_3
Parameters: 0.999999 0.000802674 0.00103702 -0.000799335 0.999994 -0.00341884 -0.0010392 0.00341816 0.999993 0.0317876 0.0434011 -0.0895392
FixedParameters: 0 0 0

#Transform 98
Transform: AffineTransform_float_3_3
Parameters: 0.999998 0.0010612 0.00124602 -0.00105653 0.999994 -0.00337725 -0.00124987 0.00337575 0.999994 0.0295443 0.0261596 -0.0531759
FixedParameters: 0 0 0

#Transform 99
Transform: AffineTransform_float_3_3
Parameters: 0.999999 0.00111072 0.00136133 -0.00110602 0.999994 -0.00346752 -0.00136564 0.00346648 0.999993 0.0137148 0.0852916 -0.0945866
FixedParameters: 0 0 0

#Transform 100
Transform: AffineTransform_float_3_3
Parameters: 0.999999 0.000852179 0.0011043 -0.000848463 0.999994 -0.00338094 -0.00110675 0.00337906 0.999993 0.0400861 0.0709128 -0.0816604
FixedParameters: 0 0 0

#Transform 101
Transform: AffineTransform_float_3_3
Parameters: 0.999999 0.00104436 0.00101715 -0.00104114 0.999992 -0.00387307 -0.00102086 0.00387193 0.999992 0.0594062 0.0805923 -0.0160747
FixedParameters: 0 0 0

#Transform 102
Transform: AffineTransform_float_3_3
Parameters: 0.999998 0.000879239 0.00141087 -0.000872727 0.999987 -0.00501917 -0.00141506 0.00501784 0.999987 0.0548296 0.124618 -0.0932258
FixedParameters: 0 0 0

#Transform 103
Transform: AffineTransform_float_3_3
Parameters: 0.999998 0.00115751 0.00162853 -0.0011486 0.999985 -0.00534082 -0.00163417 0.00533919 0.999985 0.0539732 0.113986 -0.0918358
FixedParameters: 0 0 0

#Transform 104
Transform: AffineTransform_float_3_3
Parameters: 0.999997 0.000942759 0.00218629 -0.000931574 0.999987 -0.00499191 -0.00219081 0.00499009 0.999985 0.0549617 0.0959345 -0.0356474
FixedParameters: 0 0 0

#Transform 105
Transform: AffineTransform_float_3_3
Parameters: 0.999997 0.000969205 0.00249276 -0.000955375 0.999984 -0.00550718 -0.0024983 0.00550481 0.999981 0.0533716 0.130744 -0.0859027
FixedParameters: 0 0 0

#Transform 106
Transform: AffineTransform_float_3_3
Parameters: 0.999996 0.00120991 0.00247189 -0.00119303 0.999978 -0.00652276 -0.00247935 0.00651925 0.999976 0.0581532 0.170169 -0.138109
FixedParameters: 0 0 0

#Transform 107
Transform: AffineTransform_float_3_3
Parameters: 0.999997 0.00113861 0.00247804 -0.00112282 0.999979 -0.00630559 -0.00248509 0.00630241 0.999977 0.0591369 0.100387 -0.0957456
FixedParameters: 0 0 0

#Transform 108
Transform: AffineTransform_float_3_3
Parameters: 0.999995 0.00168076 0.00243227 -0.00166416 0.999976 -0.00672395 -0.00244348 0.00672005 0.999975 0.0324819 0.157856 -0.0859777
FixedParameters: 0 0 0

#Transform 109
Transform: AffineTransform_float_3_3
Parameters: 0.999998 0.00137434 0.00144413 -0.00136602 0.999981 -0.006128 -0.00145317 0.00612601 0.99998 0.0527387 0.135489 -0.077369
FixedParameters: 0 0 0

#Transform 110
Transform: AffineTransform_float_3_3
Parameters: 0.999998 0.00127236 0.00145365 -0.00126467 0.999985 -0.00521878 -0.0014603 0.00521622 0.999986 0.0701474 0.0680887 -0.0408687
FixedParameters: 0 0 0

#Transform 111
Transform: AffineTransform_float_3_3
Parameters: 0.999997 0.00152473 0.00187609 -0.00151384 0.99998 -0.0061768 -0.00188588 0.0061742 0.999979 0.0290777 0.179204 -0.183451
FixedParameters: 0 0 0

#Transform 112
Transform: AffineTransform_float_3_3
Parameters: 0.999998 0.0013104 0.00189396 -0.00129852 0.999981 -0.00613842 -0.00190207 0.00613659 0.999979 0.0551636 0.0432853 -0.0335642
FixedParameters: 0 0 0

#Transform 113
Transform: AffineTransform_float_3_3
Parameters: 0.999998 0.000902875 0.0016745 -0.00089182 0.999977 -0.00674743 -0.0016807 0.00674556 0.999976 0.0665889 0.137716 -0.100037
FixedParameters: 0 0 0

#Transform 114
Transform: AffineTransform_float_3_3
Parameters: 0.999997 0.00123437 0.00178622 -0.00122253 0.999976 -0.00675906 -0.00179385 0.00675694 0.999976 0.0733427 0.132103 -0.061087
FixedParameters: 0 0 0

#Transform 115
Transform: AffineTransform_float_3_3
Parameters: 0.999998 0.000858467 0.00169797 -0.000846571 0.999974 -0.00719438 -0.00170425 0.00719262 0.999972 0.0696827 0.151173 -0.152905
FixedParameters: 0 0 0

#Transform 116
Transform: AffineTransform_float_3_3
Parameters: 0.999998 0.00125134 0.00116495 -0.00124242 0.999972 -0.00735647 -0.00117362 0.00735454 0.999972 0.0807742 0.146115 -0.147364
FixedParameters: 0 0 0

#Transform 117
Transform: AffineTransform_float_3_3
Parameters: 0.999997 0.00142319 0.00161398 -0.00140967 0.999966 -0.00822431 -0.00162523 0.00822169 0.999965 0.0438346 0.16928 -0.170364
FixedParameters: 0 0 0

#Transform 118
Transform: AffineTransform_float_3_3
Parameters: 0.999998 0.00127985 0.00150593 -0.00126945 0.999974 -0.00720094 -0.00151539 0.00719906 0.999973 0.0692027 0.10117 -0.0411984
FixedParameters: 0 0 0

#Transform 119
Transform: AffineTransform_float_3_3
Parameters: 0.999997 0.0017254 0.00186003 -0.00171023 0.999964 -0.00833415 -0.0018744 0.00833085 0.999964 0.0263553 0.222597 -0.163863
FixedParameters: 0 0 0
