#Insight Transform File V1.0
#Transform 0
Transform: AffineTransform_float_3_3
Parameters: 0.999998 -0.00199259 -0.000148169 0.00199246 0.999998 -0.000702213 0.000148968 0.000701788 0.999999 0.0666766 0.0226865 0.158571
FixedParameters: 0 0 0

#Transform 1
Transform: AffineTransform_float_3_3
Parameters: 0.999999 -0.00148643 -0.000507421 0.00148661 0.999998 -0.000842714 0.000508969 0.000842284 0.999999 0.0709958 -0.00412484 0.174319
FixedParameters: 0 0 0

#Transform 2
Transform: AffineTransform_float_3_3
Parameters: 0.999999 -0.00099077 -0.000904546 0.000990235 1 0.000256145 0.000903996 -0.000256856 0.999999 0.0628784 0.0708466 0.176664
FixedParameters: 0 0 0

#Transform 3
Transform: AffineTransform_float_3_3
Parameters: 1 -0.000914719 -0.000571103 0.000914039 0.999999 0.000316476 0.000571481 -0.000316524 1 0.0446588 -0.0258294 0.142457
FixedParameters: 0 0 0

#Transform 4
Transform: AffineTransform_float_3_3
Parameters: 0.999999 -0.000632934 -0.0013267 0.000633066 1 4.91166e-05 0.00132664 -4.98833e-05 0.999999 0.0571913 0.0540208 0.177711
FixedParameters: 0 0 0

#Transform 5
Transform: AffineTransform_float_3_3
Parameters: 1 2.04186e-05 -0.00110714 -1.93407e-05 0.999999 0.00093798 0.00110714 -0.000938019 0.999999 0.028616 -0.000641749 0.175552
FixedParameters: 0 0 0

#Transform 6
Transform: AffineTransform_float_3_3
Parameters: 0.999999 -0.000375353 -0.000947678 0.000375946 1 0.000312644 0.000947443 -0.000313356 0.999999 0.0285016 0.0249404 0.182732
FixedParameters: 0 0 0

#Transform 7
Transform: AffineTransform_float_3_3
Parameters: 0.999999 -1.79382e-06 -0.000951925 2.48492e-06 1 0.000362956 0.000951924 -0.000363044 1 0.0240189 0.0242209 0.148845
FixedParameters: 0 0 0

#Transform 8
Transform: AffineTransform_float_3_3
Parameters: 1 -0.000464995 -0.000859478 0.000465859 0.999999 0.000502598 0.00085901 -0.000502401 0.999999 0.0353132 -0.0454407 0.159497
FixedParameters: 0 0 0

#Transform 9
Transform: AffineTransform_float_3_3
Parameters: 0.999999 -0.000465223 -0.000850569 0.000466384 0.999999 0.00068256 0.000849934 -0.000682439 1 0.033685 0.0438706 0.124184
FixedParameters: 0 0 0

#Transform 10
Transform: AffineTransform_float_3_3
Parameters: 0.999999 -0.000478024 -0.000552736 0.000478499 1 0.000467735 0.000553288 -0.000468264 0.999999 0.0268381 -0.049377 0.118133
FixedParameters: 0 0 0

#Transform 11
Transform: AffineTransform_float_3_3
Parameters: 1 -0.000379221 -0.00054847 0.000379518 1 0.000270792 0.000548264 -0.000271208 1 0.0317113 0.0221728 0.0988836
FixedParameters: 0 0 0

#Transform 12
Transform: AffineTransform_float_3_3
Parameters: 0.999999 -0.000477945 -0.000552804 0.000478578 0.999999 0.000609735 0.00055322 -0.000610264 0.999999 0.0340582 0.00957111 0.0650856
FixedParameters: 0 0 0

#Transform 13
Transform: AffineTransform_float_3_3
Parameters: 1 0.00036199 7.76669e-05 -0.000362136 0.999999 0.00120597 -7.77927e-05 -0.00120603 1 -0.0137057 -0.0609965 0.0763609
FixedParameters: 0 0 0

#Transform 14
Transform: AffineTransform_float_3_3
Parameters: 0.999999 -0.00035579 -0.000676601 0.000356176 1 0.000284759 0.000676399 -0.000285241 0.999999 0.0366498 0.0412429 0.0584771
FixedParameters: 0 0 0

#Transform 15
Transform: AffineTransform_float_3_3
Parameters: 1 -0.000317334 -0.000424788 0.000317656 1 0.000379865 0.000424547 -0.000380135 1 0.025152 -0.0335343 0.0398801
FixedParameters: 0 0 0

#Transform 16
Transform: AffineTransform_float_3_3
Parameters: 1 -0.0002323 -0.000310906 0.000232061 1 -0.000383072 0.000311084 0.000382928 1 0.0184758 0.019285 0.0393804
FixedParameters: 0 0 0

#Transform 17
Transform: AffineTransform_float_3_3
Parameters: 1 -0.000229285 -0.000380912 0.000229213 1 -9.50873e-05 0.000380956 9.49127e-05 1 0.0213828 0.0397537 0.0286837
FixedParameters: 0 0 0

#Transform 18
Transform: AffineTransform_float_3_3
Parameters: 1 -0.000232318 -0.000307022 0.000232378 1 9.79269e-05 0.000306976 -9.70731e-05 1 0.0182805 -0.0449048 0.0195433
FixedParameters: 0 0 0

#Transform 19
Transform: AffineTransform_float_3_3
Parameters: 1 -0.000232945 -0.000293002 0.000232923 1 -3.80682e-05 0.00029302 3.79317e-05 1 0.0177445 0.0402103 0.0186796
FixedParameters: 0 0 0

#Transform 20
Transform: AffineTransform_float_3_3
Parameters: 1 -0.000238301 -0.000165115 0.000238288 1 -3.80393e-05 0.000165133 3.79606e-05 1 0.0150497 0.000959701 0.00170186
FixedParameters: 0 0 0

#Transform 21
Transform: AffineTransform_float_3_3
Parameters: 1 -0.000250037 0.000116771 0.000250169 1 -0.000565971 -0.000116487 0.000566029 1 0.000774626 0.010883 0.0217263
FixedParameters: 0 0 0

#Transform 22
Transform: AffineTransform_float_3_3
Parameters: 1 -0.000233525 -0.000282878 0.000233181 1 -0.000609066 0.000283162 0.000608934 1 0.0173197 0.0552692 0.00202706
FixedParameters: 0 0 0

#Transform 23
Transform: AffineTransform_float_3_3
Parameters: 1 0.000308476 0.00101259 -0.000307285 1 -0.000609353 -0.00101197 0.000608646 1 -0.0323276 -0.0461016 -0.0233871
FixedParameters: 0 0 0

#Transform 24
Transform: AffineTransform_float_3_3
Parameters: 1 0.000231137 0.000583035 -0.000230469 1 -0.000609134 -0.000582317 0.000608865 0.999999 -0.0224293 0.0422186 -0.0166802
FixedParameters: 0 0 0

#Transform 25
Transform: AffineTransform_float_3_3
Parameters: 0.999999 0.000278945 0.000664025 -0.000278911 0.999999 -0.000778227 -0.000664501 0.000777773 1 -0.0231051 -0.0623353 -0.0106235
FixedParameters: 0 0 0

#Transform 26
Transform: AffineTransform_float_3_3
Parameters: 1 0.000282535 0.000581988 -0.000282232 1 -0.00115517 -0.000581683 0.00115583 0.999999 -0.027504 0.0344839 -0.0544782
FixedParameters: 0 0 0

#Transform 27
Transform: AffineTransform_float_3_3
Parameters: 0.999999 0.000454771 0.000603059 -0.000454519 1 -0.00107228 -0.000603076 0.00107173 0.999999 -0.0279963 0.00139862 -0.0579403
FixedParameters: 0 0 0

#Transform 28
Transform: AffineTransform_float_3_3
Parameters: 0.999999 0.000478761 0.000738791 -0.000477171 0.999999 -0.00178035 -0.000739535 0.00177965 0.999998 -0.0301609 0.0521789 -0.0551348
FixedParameters: 0 0 0

#Transform 29
Transform: AffineTransform_float_3_3
Parameters: 0.999999 0.000417339 0.000673275 -0.000415982 0.999999 -0.00178028 -0.000673801 0.00177972 0.999998 -0.016793 0.0647679 -0.0939359
FixedParameters: 0 0 0

#Transform 30
Transform: AffineTransform_float_3_3
Parameters: 0.999999 0.000279595 0.000667681 -0.000278969 0.999998 -0.00199619 -0.000667881 0.00199681 0.999998 -0.0134663 0.0136078 -0.0806257
FixedParameters: 0 0 0

#Transform 31
Transform: AffineTransform_float_3_3
Parameters: 0.999999 0.00027945 0.000667742 -0.000279113 0.999999 -0.00178019 -0.000667821 0.00177981 0.999998 -0.0134412 0.0762625 -0.0736629
FixedParameters: 0 0 0

#Transform 32
Transform: AffineTransform_float_3_3
Parameters: 1 -0.000188102 0.00111721 0.000188829 0.999999 -0.000753829 -0.00111797 0.000753171 0.999999 -0.0154414 -0.0335153 -0.0947233
FixedParameters: 0 0 0

#Transform 33
Transform: AffineTransform_float_3_3
Parameters: 0.999999 -0.000193999 0.00127115 0.000195829 1 -0.00109575 -0.00127176 0.00109625 0.999998 -0.0120406 0.0480041 -0.103119
FixedParameters: 0 0 0

#Transform 34
Transform: AffineTransform_float_3_3
Parameters: 0.999999 -0.000201526 0.00147709 0.000204513 0.999998 -0.00168778 -0.00147649 0.00168822 0.999998 -0.015852 -0.00688976 -0.086531
FixedParameters: 0 0 0

#Transform 35
Transform: AffineTransform_float_3_3
Parameters: 1 7.81803e-05 0.00119011 -7.62673e-05 0.999998 -0.00164313 -0.00119045 0.00164287 0.999998 -0.0185156 0.093269 -0.0648053
FixedParameters: 0 0 0

#Transform 36
Transform: AffineTransform_float_3_3
Parameters: 0.999999 0.000313592 0.00119941 -0.000311486 0.999997 -0.00214442 -0.00119987 0.00214458 0.999997 -0.0343563 0.0280556 -0.0492931
FixedParameters: 0 0 0

#Transform 37
Transform: AffineTransform_float_3_3
Parameters: 1 0.000271498 0.00104339 -0.000268563 0.999996 -0.00286232 -0.00104406 0.00286168 0.999996 -0.0170739 0.145838 -0.0771493
FixedParameters: 0 0 0

#Transform 38
Transform: AffineTransform_float_3_3
Parameters: 1 0.000322385 0.00111027 -0.000319184 0.999995 -0.00327836 -0.00111054 0.00327864 0.999994 -0.0257824 0.0836814 -0.0755009
FixedParameters: 0 0 0

#Transform 39
Transform: AffineTransform_float_3_3
Parameters: 1 0.000132311 0.00112998 -0.000128239 0.999995 -0.00312719 -0.00113092 0.00312681 0.999995 -0.0220096 0.14302 -0.0904107
FixedParameters: 0 0 0

#Transform 40
Transform: AffineTransform_float_3_3
Parameters: 0.999999 0.000331373 0.000887295 -0.00032887 0.999993 -0.00370829 -0.000887912 0.00370771 0.999992 -0.0214393 0.108609 -0.119557
FixedParameters: 0 0 0

#Transform 41
Transform: AffineTransform_float_3_3
Parameters: 0.999999 0.000320191 0.00119887 -0.000315919 0.99999 -0.00431542 -0.00119987 0.00431458 0.99999 -0.0342235 0.182452 -0.116068
FixedParameters: 0 0 0

#Transform 42
Transform: AffineTransform_float_3_3
Parameters: 1 0.000171752 0.00119339 -0.000167576 0.999992 -0.00385924 -0.00119391 0.00385875 0.999992 -0.012145 0.132953 -0.130207
FixedParameters: 0 0 0

#Transform 43
Transform: AffineTransform_float_3_3
Parameters: 0.999999 0.00031951 0.00119906 -0.000315603 0.999993 -0.00374643 -0.00119965 0.00374658 0.999993 -0.0300677 0.11284 -0.128787
FixedParameters: 0 0 0

#Transform 44
Transform: AffineTransform_float_3_3
Parameters: 0.999999 0.000397092 0.00120215 -0.000392885 0.999994 -0.00344552 -0.00120304 0.00344548 0.999994 -0.0175596 0.134445 -0.120839
FixedParameters: 0 0 0

#Transform 45
Transform: AffineTransform_float_3_3
Parameters: 0.999999 0.000319149 0.00119915 -0.000315919 0.999994 -0.00344543 -0.00120055 0.00344558 0.999994 -0.0156829 0.129199 -0.140708
FixedParameters: 0 0 0

#Transform 46
Transform: AffineTransform_float_3_3
Parameters: 0.999999 0.000593561 0.00129777 -0.000588691 0.999994 -0.00344581 -0.00130001 0.00344519 0.999993 -0.0353894 0.103729 -0.142002
FixedParameters: 0 0 0

#Transform 47
Transform: AffineTransform_float_3_3
Parameters: 0.999999 0.000581186 0.00128128 -0.000576429 0.999994 -0.00344579 -0.00128344 0.00344521 0.999994 -0.0330111 0.149305 -0.129381
FixedParameters: 0 0 0

#Transform 48
Transform: AffineTransform_float_3_3
Parameters: 0.999999 0.000584298 0.00120917 -0.000579393 0.999993 -0.00373075 -0.00121068 0.00373025 0.999993 -0.0288801 0.143675 -0.168237
FixedParameters: 0 0 0

#Transform 49
Transform: AffineTransform_float_3_3
Parameters: 0.999999 0.000717409 0.00134678 -0.000712937 0.999994 -0.00317201 -0.00134948 0.00317199 0.999994 -0.0457462 0.0788403 -0.143249
FixedParameters: 0 0 0

#Transform 50
Transform: AffineTransform_float_3_3
Parameters: 0.999999 0.000581247 0.00128027 -0.000576452 0.999994 -0.00346379 -0.00128245 0.00346321 0.999993 -0.0408169 0.149782 -0.13666
FixedParameters: 0 0 0

#Transform 51
Transform: AffineTransform_float_3_3
Parameters: 0.999999 0.000672899 0.0012241 -0.000668669 0.999996 -0.00298382 -0.00122623 0.00298318 0.999995 -0.0379518 0.126204 -0.150551
FixedParameters: 0 0 0

#Transform 52
Transform: AffineTransform_float_3_3
Parameters: 0.999998 0.000673132 0.00143504 -0.000668747 0.999995 -0.00329497 -0.00143767 0.00329403 0.999993 -0.0487271 0.0944735 -0.14404
FixedParameters: 0 0 0

#Transform 53
Transform: AffineTransform_float_3_3
Parameters: 0.999999 0.000676379 0.00128284 -0.000671236 0.999994 -0.00359087 -0.00128585 0.00359013 0.999993 -0.040731 0.157389 -0.16482
FixedParameters: 0 0 0

#Transform 54
Transform: AffineTransform_float_3_3
Parameters: 0.999999 0.000679477 0.00169039 -0.000673017 0.999994 -0.00341119 -0.00169321 0.00340981 0.999993 -0.0584085 0.0814553 -0.163987
FixedParameters: 0 0 0

#Transform 55
Transform: AffineTransform_float_3_3
Parameters: 0.999998 0.000573012 0.00149609 -0.000567595 0.999993 -0.0035059 -0.0014983 0.0035051 0.999993 -0.0392559 0.130364 -0.189788
FixedParameters: 0 0 0

#Transform 56
Transform: AffineTransform_float_3_3
Parameters: 0.999999 0.000689545 0.00163182 -0.000683877 0.999995 -0.00329117 -0.00163455 0.00328984 0.999994 -0.0424285 0.0972873 -0.205454
FixedParameters: 0 0 0

#Transform 57
Transform: AffineTransform_float_3_3
Parameters: 0.999999 0.000753584 0.00169316 -0.000747824 0.999994 -0.00350627 -0.00169568 0.00350473 0.999992 -0.0530695 0.113748 -0.235468
FixedParameters: 0 0 0

#Transform 58
Transform: AffineTransform_float_3_3
Parameters: 0.999999 0.00066455 0.00168936 -0.000658014 0.999991 -0.0040392 -0.00169199 0.0040378 0.999991 -0.0442913 0.191945 -0.244672
FixedParameters: 0 0 0

#Transform 59
Transform: AffineTransform_float_3_3
Parameters: 0.999998 0.00110887 0.00170643 -0.00110195 0.999992 -0.00382793 -0.00171115 0.00382607 0.999992 -0.0550694 0.094567 -0.244225
FixedParameters: 0 0 0

#Transform 60
Transform: AffineTransform_float_3_3
Parameters: 0.999999 0.000692688 0.00138978 -0.000685971 0.999989 -0.004613 -0.00139339 0.004612 0.999989 -0.0323916 0.201343 -0.258151
FixedParameters: 0 0 0

#Transform 61
Transform: AffineTransform_float_3_3
Parameters: 0.999999 0.000681115 0.00168973 -0.00067342 0.99999 -0.00438019 -0.00169296 0.00437881 0.999989 -0.0448537 0.120108 -0.280528
FixedParameters: 0 0 0

#Transform 62
Transform: AffineTransform_float_3_3
Parameters: 0.999998 0.000796985 0.00175844 -0.000790024 0.999991 -0.00401348 -0.00176111 0.00401152 0.999991 -0.056932 0.131274 -0.271058
FixedParameters: 0 0 0

#Transform 63
Transform: AffineTransform_float_3_3
Parameters: 0.999998 0.0006772 0.00177692 -0.000670049 0.999991 -0.00401328 -0.00177962 0.00401172 0.999991 -0.0484054 0.150145 -0.270266
FixedParameters: 0 0 0

#Transform 64
Transform: AffineTransform_float_3_3
Parameters: 0.999998 0.00067782 0.00177668 -0.000669428 0.99999 -0.00436224 -0.00177985 0.00436076 0.999989 -0.0484288 0.137676 -0.279253
FixedParameters: 0 0 0

#Transform 65
Transform: AffineTransform_float_3_3
Parameters: 0.999997 0.000926295 0.00194139 -0.000917567 0.999991 -0.00408884 -0.00194523 0.00408716 0.99999 -0.0610211 0.157192 -0.309301
FixedParameters: 0 0 0

#Transform 66
Transform: AffineTransform_float_3_3
Parameters: 0.999997 0.00100283 0.00221212 -0.000992432 0.999989 -0.00441629 -0.00221731 0.0044137 0.999988 -0.0721105 0.12262 -0.301228
FixedParameters: 0 0 0

#Transform 67
Transform: AffineTransform_float_3_3
Parameters: 0.999997 0.00112446 0.00206711 -0.00111616 0.999992 -0.00397637 -0.00207235 0.00397364 0.99999 -0.0706411 0.14673 -0.307063
FixedParameters: 0 0 0

#Transform 68
Transform: AffineTransform_float_3_3
Parameters: 0.999997 0.00132772 0.00177652 -0.00132061 0.999991 -0.0040334 -0.0017815 0.0040316 0.999991 -0.0829176 0.113343 -0.250297
FixedParameters: 0 0 0

#Transform 69
Transform: AffineTransform_float_3_3
Parameters: 0.999997 0.00173732 0.00173142 -0.0017304 0.999991 -0.00379701 -0.00173884 0.00379399 0.999992 -0.0971202 0.139986 -0.240308
FixedParameters: 0 0 0

#Transform 70
Transform: AffineTransform_float_3_3
Parameters: 0.999997 0.00173465 0.0017956 -0.0017287 0.999991 -0.00366812 -0.00180259 0.00366488 0.999991 -0.115695 0.142543 -0.222081
FixedParameters: 0 0 0

#Transform 71
Transform: AffineTransform_float_3_3
Parameters: 0.999997 0.00175625 0.0012291 -0.00175159 0.999992 -0.00361512 -0.00123595 0.00361287 0.999993 -0.0922432 0.095665 -0.18188
FixedParameters: 0 0 0

#Transform 72
Transform: AffineTransform_float_3_3
Parameters: 0.999997 0.00175661 0.00121632 -0.00175237 0.999993 -0.0034981 -0.00122176 0.0034959 0.999993 -0.087453 0.0898727 -0.24948
FixedParameters: 0 0 0

#Transform 73
Transform: AffineTransform_float_3_3
Parameters: 0.999998 0.00136216 0.000933419 -0.00135782 0.999989 -0.00460724 -0.000939123 0.00460577 0.999989 -0.0708974 0.259886 -0.304389
FixedParameters: 0 0 0

#Transform 74
Transform: AffineTransform_float_3_3
Parameters: 0.999997 0.00175216 0.00136073 -0.00174664 0.999989 -0.00434335 -0.00136818 0.00434065 0.999989 -0.0979809 0.0640378 -0.310476
FixedParameters: 0 0 0

#Transform 75
Transform: AffineTransform_float_3_3
Parameters: 0.999997 0.00175235 0.00136048 -0.00174645 0.999989 -0.00448335 -0.00136842 0.00448065 0.999989 -0.0979178 0.133387 -0.355792
FixedParameters: 0 0 0

#Transform 76
Transform: AffineTransform_float_3_3
Parameters: 0.999997 0.00186478 0.00142981 -0.00185841 0.999989 -0.00444563 -0.00143762 0.00444237 0.999989 -0.103347 0.148977 -0.374926
FixedParameters: 0 0 0

#Transform 77
Transform: AffineTransform_float_3_3
Parameters: 0.999997 0.00208643 0.00122821 -0.00207989 0.999984 -0.00526953 -0.00123942 0.00526647 0.999986 -0.0995987 0.256193 -0.389821
FixedParameters: 0 0 0

#Transform 78
Transform: AffineTransform_float_3_3
Parameters: 0.999997 0.00198373 0.00136834 -0.00197674 0.999986 -0.00488068 -0.00137792 0.00487832 0.999987 -0.106099 0.118748 -0.413121
FixedParameters: 0 0 0

#Transform 79
Transform: AffineTransform_float_3_3
Parameters: 0.999998 0.00183182 0.00136135 -0.00182496 0.999982 -0.0056065 -0.00137119 0.0056045 0.999984 -0.099699 0.227438 -0.429118
FixedParameters: 0 0 0

#Transform 80
Transform: AffineTransform_float_3_3
Parameters: 0.999997 0.00203482 0.00171437 -0.00202574 0.999984 -0.00540346 -0.00172469 0.00539955 0.999984 -0.106524 0.149006 -0.451751
FixedParameters: 0 0 0

#Transform 81
Transform: AffineTransform_float_3_3
Parameters: 0.999996 0.00231434 0.00194026 -0.0023037 0.999984 -0.00517346 -0.00195253 0.00516854 0.999985 -0.135079 0.203811 -0.440111
FixedParameters: 0 0 0

#Transform 82
Transform: AffineTransform_float_3_3
Parameters: 0.999995 0.00224269 0.0018705 -0.00223205 0.999982 -0.00564517 -0.00188318 0.00564084 0.999983 -0.127112 0.16544 -0.44164
FixedParameters: 0 0 0

#Transform 83
Transform: AffineTransform_float_3_3
Parameters: 0.999996 0.00224772 0.00175829 -0.0022364 0.999978 -0.00621492 -0.00177158 0.00621108 0.999979 -0.125991 0.240257 -0.479693
FixedParameters: 0 0 0

#Transform 84
Transform: AffineTransform_float_3_3
Parameters: 0.999996 0.00238073 0.00194472 -0.00236899 0.999979 -0.00598561 -0.00195861 0.0059814 0.999981 -0.124387 0.183047 -0.476974
FixedParameters: 0 0 0

#Transform 85
Transform: AffineTransform_float_3_3
Parameters: 0.999995 0.0025778 0.00195016 -0.00256465 0.999975 -0.00660096 -0.00196761 0.00659603 0.999976 -0.127597 0.289954 -0.505721
FixedParameters: 0 0 0

#Transform 86
Transform: AffineTransform_float_3_3
Parameters: 0.999995 0.00252494 0.00194815 -0.0025116 0.999974 -0.00665689 -0.00196518 0.0066511 0.999976 -0.129489 0.245482 -0.512075
FixedParameters: 0 0 0

#Transform 87
Transform: AffineTransform_float_3_3
Parameters: 0.999995 0.00251823 0.00224749 -0.00249906 0.999961 -0.00843563 -0.00226857 0.00842937 0.999962 -0.135919 0.27755 -0.598427
FixedParameters: 0 0 0

#Transform 88
Transform: AffineTransform_float_3_3
Parameters: 0.999994 0.00233234 0.00229567 -0.00231575 0.99997 -0.00745132 -0.00231302 0.00744568 0.999969 -0.132874 0.293117 -0.515528
FixedParameters: 0 0 0

#Transform 89
Transform: AffineTransform_float_3_3
Parameters: 0.999995 0.00197263 0.00241617 -0.00195902 0.999983 -0.00559777 -0.00242672 0.00559323 0.999981 -0.131167 0.230301 -0.461803
FixedParameters: 0 0 0

#Transform 90
Transform: AffineTransform_float_3_3
Parameters: 0.999996 0.00198963 0.0020024 -0.00197661 0.999976 -0.00662099 -0.00201521 0.00661701 0.999976 -0.11348 0.275319 -0.515825
FixedParameters: 0 0 0

#Transform 91
Transform: AffineTransform_float_3_3
Parameters: 0.999996 0.00192932 0.0023148 -0.00191262 0.999974 -0.00695451 -0.00232815 0.00694949 0.999973 -0.128159 0.248402 -0.534754
FixedParameters: 0 0 0

#Transform 92
Transform: AffineTransform_float_3_3
Parameters: 0.999995 0.00198361 0.00219651 -0.00196834 0.999974 -0.00700937 -0.00220985 0.00700564 0.999973 -0.121079 0.283497 -0.522251
FixedParameters: 0 0 0

#Transform 93
Transform: AffineTransform_float_3_3
Parameters: 0.999995 0.0019753 0.00241787 -0.0019591 0.999975 -0.00676182 -0.00243115 0.00675718 0.999975 -0.130111 0.272658 -0.547021
FixedParameters: 0 0 0

#Transform 94
Transform: AffineTransform_float_3_3
Parameters: 0.999996 0.00198656 0.00204496 -0.00197516 0.999981 -0.00582707 -0.00205655 0.00582293 0.999981 -0.120658 0.291361 -0.483385
FixedParameters: 0 0 0

#Transform 95
Transform: AffineTransform_float_3_3
Parameters: 0.999995 0.00197268 0.00242 -0.00195859 0.999982 -0.00567982 -0.00243188 0.00567418 0.999981 -0.147869 0.242947 -0.494448
FixedParameters: 0 0 0

#Transform 96
Transform: AffineTransform_float_3_3
Parameters: 0.999995 0.0020854 0.00212589 -0.00207269 0.999981 -0.00567844 -0.00213797 0.00567455 0.999981 -0.138075 0.202533 -0.503944
FixedParameters: 0 0 0

#Transform 97
Transform: AffineTransform_float_3_3
Parameters: 0.999995 0.00198164 0.00216542 -0.00197003 0.999982 -0.00555234 -0.00217587 0.00554766 0.999983 -0.137348 0.196732 -0.4937
FixedParameters: 0 0 0

#Transform 98
Transform: AffineTransform_float_3_3
Parameters: 0.999996 0.00231829 0.00195236 -0.00230562 0.999977 -0.0064525 -0.00196771 0.00644851 0.999978 -0.129793 0.295124 -0.531889
FixedParameters: 0 0 0

#Transform 99
Transform: AffineTransform_float_3_3
Parameters: 0.999994 0.00257815 0.00200709 -0.00256561 0.999977 -0.0062671 -0.00202284 0.00626189 0.999978 -0.144045 0.23178 -0.54031
FixedParameters: 0 0 0

#Transform 100
Transform: AffineTransform_float_3_3
Parameters: 0.999994 0.00269565 0.00223626 -0.00268316 0.99998 -0.005608 -0.00225092 0.00560199 0.999982 -0.156465 0.182012 -0.540994
FixedParameters: 0 0 0

#Transform 101
Transform: AffineTransform_float_3_3
Parameters: 0.999994 0.00284085 0.00227201 -0.00282815 0.999979 -0.00579139 -0.00228839 0.00578561 0.999981 -0.160967 0.270325 -0.548558
FixedParameters: 0 0 0

#Transform 102
Transform: AffineTransform_float_3_3
Parameters: 0.999996 0.00227471 0.00202564 -0.00226623 0.999987 -0.00441762 -0.00203508 0.00441338 0.999989 -0.118054 0.139259 -0.452285
FixedParameters: 0 0 0

#Transform 103
Transform: AffineTransform_float_3_3
Parameters: 0.999995 0.00226746 0.00224352 -0.00225713 0.999985 -0.00484509 -0.0022549 0.0048399 0.999986 -0.129161 0.132726 -0.453951
FixedParameters: 0 0 0

#Transform 104
Transform: AffineTransform_float_3_3
Parameters: 0.999995 0.00227206 0.0021388 -0.00226128 0.999984 -0.00519487 -0.00215081 0.00519013 0.999985 -0.126417 0.220866 -0.520202
FixedParameters: 0 0 0

#Transform 105
Transform: AffineTransform_float_3_3
Parameters: 0.999996 0.00229489 0.00160432 -0.00228305 0.99997 -0.00730365 -0.00162122 0.00729934 0.999972 -0.120598 0.298871 -0.581225
FixedParameters: 0 0 0

#Transform 106
Transform: AffineTransform_float_3_3
Parameters: 0.999995 0.00226696 0.00231046 -0.00225398 0.999981 -0.00573325 -0.00232293 0.00572875 0.999981 -0.150142 0.138932 -0.548186
FixedParameters: 0 0 0

#Transform 107
Transform: AffineTransform_float_3_3
Parameters: 0.999995 0.00270859 0.00196447 -0.00269488 0.999973 -0.00671725 -0.00198227 0.00671174 0.999975 -0.145249 0.241999 -0.600164
FixedParameters: 0 0 0

#Transform 108
Transform: AffineTransform_float_3_3
Parameters: 0.999994 0.00266314 0.00214604 -0.00264903 0.999974 -0.00669664 -0.00216419 0.00669035 0.999975 -0.136918 0.230927 -0.588254
FixedParameters: 0 0 0

#Transform 109
Transform: AffineTransform_float_3_3
Parameters: 0.999993 0.00281577 0.00216894 -0.00280071 0.999973 -0.00686205 -0.00218807 0.00685596 0.999974 -0.144976 0.263146 -0.656753
FixedParameters: 0 0 0

#Transform 110
Transform: AffineTransform_float_3_3
Parameters: 0.999994 0.00295281 0.0021612 -0.00293851 0.999973 -0.00671132 -0.00218132 0.00670468 0.999976 -0.148031 0.228118 -0.595908
FixedParameters: 0 0 0

#Transform 111
Transform: AffineTransform_float_3_3
Parameters: 0.999994 0.00282052 0.00204256 -0.00280651 0.999972 -0.00702571 -0.00206268 0.0070203 0.999974 -0.151069 0.279814 -0.602545
FixedParameters: 0 0 0

#Transform 112
Transform: AffineTransform_float_3_3
Parameters: 0.999993 0.00302112 0.00212556 -0.00300731 0.999973 -0.00671837 -0.00214564 0.00671164 0.999976 -0.159073 0.206679 -0.569671
FixedParameters: 0 0 0

#Transform 113
Transform: AffineTransform_float_3_3
Parameters: 0.999993 0.00326998 0.00207 -0.00325543 0.99997 -0.00709964 -0.00209291 0.00709337 0.999973 -0.162286 0.263964 -0.614785
FixedParameters: 0 0 0

#Transform 114
Transform: AffineTransform_float_3_3
Parameters: 0.999993 0.00325867 0.00205433 -0.00324301 0.999969 -0.0071786 -0.00207755 0.0071724 0.999973 -0.161462 0.261417 -0.629744
FixedParameters: 0 0 0

#Transform 115
Transform: AffineTransform_float_3_3
Parameters: 0.999993 0.00307085 0.00208319 -0.00305303 0.999961 -0.00833831 -0.00210793 0.0083317 0.999963 -0.153691 0.338156 -0.654311
FixedParameters: 0 0 0

#Transform 116
Transform: AffineTransform_float_3_3
Parameters: 0.999993 0.00297007 0.00203814 -0.00295341 0.999961 -0.00822 -0.00206251 0.008214 0.999965 -0.154371 0.317088 -0.666586
FixedParameters: 0 0 0

#Transform 117
Transform: AffineTransform_float_3_3
Parameters: 0.999993 0.00297107 0.00201387 -0.00295446 0.999961 -0.00831588 -0.00203782 0.00831011 0.999963 -0.153437 0.28416 -0.66951
FixedParameters: 0 0 0

#Transform 118
Transform: AffineTransform_float_3_3
Parameters: 0.999993 0.0029717 0.00201294 -0.00295483 0.999959 -0.00862689 -0.00203879 0.00862012 0.999961 -0.158705 0.348166 -0.653378
FixedParameters: 0 0 0

#Transform 119
Transform: AffineTransform_float_3_3
Parameters: 0.999994 0.00241986 0.00239061 -0.0023972 0.999952 -0.0095058 -0.00241333 0.0095002 0.999952 -0.163022 0.340158 -0.677357
FixedParameters: 0 0 0
