#Insight Transform File V1.0
#Transform 0
Transform: AffineTransform_float_3_3
Parameters: 1 0.000106222 -0.000423529 -0.000105914 1 0.000364045 0.000423606 -0.000363955 1 -0.0592437 -0.0235401 0.219867
FixedParameters: 0 0 0

#Transform 1
Transform: AffineTransform_float_3_3
Parameters: 1 9.75147e-05 -1.69655e-06 -9.75121e-05 0.999999 0.000734 1.8397e-06 -0.000733999 0.999999 -0.0542689 -0.0188704 0.151033
FixedParameters: 0 0 0

#Transform 2
Transform: AffineTransform_float_3_3
Parameters: 1 0.000372721 -2.65322e-05 -0.000372944 1 0.00114801 2.64294e-05 -0.00114799 1 -0.0498353 -0.0388305 0.163453
FixedParameters: 0 0 0

#Transform 3
Transform: AffineTransform_float_3_3
Parameters: 1 -0.000149439 -0.000336447 0.000149938 0.999999 0.000741949 0.000336225 -0.00074205 0.999999 -0.0373127 -0.0338047 0.0876138
FixedParameters: 0 0 0

#Transform 4
Transform: AffineTransform_float_3_3
Parameters: 1 -0.000641753 -0.000929187 0.000641795 1 0.000538596 0.000928779 -0.000538405 0.999999 0.0100487 -0.0340166 0.0511214
FixedParameters: 0 0 0

#Transform 5
Transform: AffineTransform_float_3_3
Parameters: 0.999999 -0.00104087 -0.000811008 0.0010407 0.999999 0.000305348 0.000811615 -0.000305653 1 0.0283867 0.0098582 0.0200593
FixedParameters: 0 0 0

#Transform 6
Transform: AffineTransform_float_3_3
Parameters: 1 -0.000781462 -0.0008875 0.000781103 1 -0.000202502 0.000887817 0.000202498 1 0.0304235 -0.0147385 0.0329358
FixedParameters: 0 0 0

#Transform 7
Transform: AffineTransform_float_3_3
Parameters: 1 -0.000630651 -0.000290737 0.000630515 1 -0.000232264 0.00029103 0.000232736 1 0.00177134 0.00132263 0.00178624
FixedParameters: 0 0 0

#Transform 8
Transform: AffineTransform_float_3_3
Parameters: 0.999999 -0.0005949 -0.000768656 0.000594743 1 -0.000102457 0.000768777 0.000101543 0.999999 0.0156561 -0.0311802 0.00420907
FixedParameters: 0 0 0

#Transform 9
Transform: AffineTransform_float_3_3
Parameters: 0.999999 -0.000524351 -0.000530965 0.000524422 1 6.67216e-05 0.000530895 -6.72784e-05 1 0.0202336 -0.0211494 0.0133063
FixedParameters: 0 0 0

#Transform 10
Transform: AffineTransform_float_3_3
Parameters: 1 -0.000942402 -0.000399723 0.000942321 0.999999 -0.000102377 0.000399916 0.000101623 1 0.0354928 -0.0166149 0.0169192
FixedParameters: 0 0 0

#Transform 11
Transform: AffineTransform_float_3_3
Parameters: 1 -0.000644811 -5.71561e-05 0.000644799 1 -0.000102037 5.72876e-05 0.000101963 1 0.00445071 -0.0188996 0.00973932
FixedParameters: 0 0 0

#Transform 12
Transform: AffineTransform_float_3_3
Parameters: 1 -0.00061244 5.19391e-05 0.000612415 1 0.000235951 -5.22275e-05 -0.000235049 1 0.0110709 0.00423312 0.000639341
FixedParameters: 0 0 0

#Transform 13
Transform: AffineTransform_float_3_3
Parameters: 0.999999 -0.000830729 -8.95157e-05 0.000830675 0.999999 -0.000299074 9.00124e-05 0.000298925 1 0.0353737 -0.0286929 -0.000537548
FixedParameters: 0 0 0

#Transform 14
Transform: AffineTransform_float_3_3
Parameters: 1 -0.000459785 -0.000312092 0.000459193 1 -0.000494143 0.000311587 0.000493857 1 0.0187012 -0.0141766 0.00222703
FixedParameters: 0 0 0

#Transform 15
Transform: AffineTransform_float_3_3
Parameters: 1 -0.000396725 0.000167622 0.000396759 1 -0.000101933 -0.000167541 0.000102066 1 0.00768502 -0.0191053 0.00955617
FixedParameters: 0 0 0

#Transform 16
Transform: AffineTransform_float_3_3
Parameters: 1 -0.000294991 0.000243689 0.000294814 1 0.000363072 -0.000243903 -0.000362928 1 -0.000472937 -0.0192751 0.0124187
FixedParameters: 0 0 0

#Transform 17
Transform: AffineTransform_float_3_3
Parameters: 1 -0.000443882 -0.000259804 0.00044318 1 0.000494885 0.000259649 -0.000495115 1 0.0239786 -0.0266221 0.02149
FixedParameters: 0 0 0

#Transform 18
Transform: AffineTransform_float_3_3
Parameters: 1 0.000121733 9.87067e-05 -0.000122212 0.999997 0.00243199 -9.81135e-05 -0.00243201 0.999997 -0.0199174 -0.00767176 0.131477
FixedParameters: 0 0 0

#Transform 19
Transform: AffineTransform_float_3_3
Parameters: 1 0.000209195 -0.000616958 -0.000209645 1 -0.00036479 0.000616805 0.00036421 1 0.0156254 0.0127232 -0.0431105
FixedParameters: 0 0 0

#Transform 20
Transform: AffineTransform_float_3_3
Parameters: 1 0.000312627 -0.00014168 -0.000312673 1 -0.000161956 0.000141579 0.000162044 1 -0.00647829 -0.0216195 0.000932784
FixedParameters: 0 0 0

#Transform 21
Transform: AffineTransform_float_3_3
Parameters: 1 0.000275643 -0.000160925 -0.000275655 1 -3.59556e-05 0.000160905 3.60444e-05 1 -0.00865644 -0.0108964 -0.00282496
FixedParameters: 0 0 0

#Transform 22
Transform: AffineTransform_float_3_3
Parameters: 1 5.54343e-05 -2.05923e-05 -5.54343e-05 1 -1.99886e-06 2.05921e-05 2.00114e-06 1 0.0112536 0.0135369 -0.0563553
FixedParameters: 0 0 0

#Transform 23
Transform: AffineTransform_float_3_3
Parameters: 1 -0.000392877 -8.70459e-05 0.000392898 1 0.000125966 8.69469e-05 -0.000126034 1 0.0260399 0.00976108 -0.0497176
FixedParameters: 0 0 0

#Transform 24
Transform: AffineTransform_float_3_3
Parameters: 1 -0.000647625 -6.70056e-05 0.000647665 0.999999 0.000301957 6.66144e-05 -0.000302043 1 0.04396 -0.0236392 -0.0842225
FixedParameters: 0 0 0

#Transform 25
Transform: AffineTransform_float_3_3
Parameters: 1 -0.000369604 -8.10231e-06 0.000369309 0.999999 -0.000733003 7.68511e-06 0.000732997 0.999999 0.0462959 0.00018989 -0.0515862
FixedParameters: 0 0 0

#Transform 26
Transform: AffineTransform_float_3_3
Parameters: 1 -0.000272971 0.000317679 0.000273095 1 -0.000194913 -0.000317572 0.000195087 1 0.0403575 0.0129132 -0.0960075
FixedParameters: 0 0 0

#Transform 27
Transform: AffineTransform_float_3_3
Parameters: 0.999999 -0.000108648 0.000873697 0.00010796 1 0.000394094 -0.000873783 -0.000393905 0.999999 0.0174828 -0.00446259 -0.0814451
FixedParameters: 0 0 0

#Transform 28
Transform: AffineTransform_float_3_3
Parameters: 0.999999 0.000428562 0.000815837 -0.000428195 1 -0.000225349 -0.00081603 0.00022465 0.999999 -0.0255165 0.0387622 -0.0759116
FixedParameters: 0 0 0

#Transform 29
Transform: AffineTransform_float_3_3
Parameters: 0.999999 0.000428609 0.000815812 -0.000429107 1 -0.000282431 -0.000815771 0.00028257 0.999999 -0.0255136 0.0425392 -0.078033
FixedParameters: 0 0 0

#Transform 30
Transform: AffineTransform_float_3_3
Parameters: 1 0.000668069 0.000744944 -0.000668099 1 2.04216e-05 -0.000744917 -2.05783e-05 0.999999 -0.0292444 0.026319 -0.0873579
FixedParameters: 0 0 0

#Transform 31
Transform: AffineTransform_float_3_3
Parameters: 0.999999 0.00042855 0.000815844 -0.000428207 1 -0.000210349 -0.000816024 0.00020965 0.999999 -0.0255375 0.00588788 -0.0794936
FixedParameters: 0 0 0

#Transform 32
Transform: AffineTransform_float_3_3
Parameters: 1 0.000844091 0.000692294 -0.000843963 0.999999 -0.000784393 -0.000693335 0.000784607 1 -0.0319985 0.0338006 -0.0546123
FixedParameters: 0 0 0

#Transform 33
Transform: AffineTransform_float_3_3
Parameters: 1 0.000843673 0.000692803 -0.000843422 0.999999 -0.000181584 -0.000693108 0.000180415 0.999999 -0.0320463 0.00646226 -0.10039
FixedParameters: 0 0 0

#Transform 34
Transform: AffineTransform_float_3_3
Parameters: 0.999999 0.00126152 0.000622639 -0.00126187 1 0.000280134 -0.000621931 -0.000280866 1 -0.0393136 -0.0200797 -0.0628846
FixedParameters: 0 0 0

#Transform 35
Transform: AffineTransform_float_3_3
Parameters: 0.999999 0.00124721 0.000573382 -0.00124721 0.999999 -2.98745e-06 -0.000573387 1.01255e-06 1 -0.0417298 0.00126785 -0.0883656
FixedParameters: 0 0 0

#Transform 36
Transform: AffineTransform_float_3_3
Parameters: 0.999999 0.000871237 0.00108637 -0.000871834 0.999999 0.000143325 -0.00108708 -0.000144675 1 -0.0375388 0.0230702 -0.0780627
FixedParameters: 0 0 0

#Transform 37
Transform: AffineTransform_float_3_3
Parameters: 0.999999 0.000888389 0.000871394 -0.000887884 0.999999 -0.000289582 -0.000871908 0.000289417 1 -0.0273116 0.0375665 -0.117751
FixedParameters: 0 0 0

#Transform 38
Transform: AffineTransform_float_3_3
Parameters: 1 0.000469092 0.000975858 -0.000467685 1 -0.000575265 -0.000975439 0.000575734 0.999999 -0.00684088 0.0259817 -0.10052
FixedParameters: 0 0 0

#Transform 39
Transform: AffineTransform_float_3_3
Parameters: 1 0.000854742 0.000801774 -0.000854389 1 -0.000818686 -0.000802888 0.000817315 1 -0.0102401 0.0227623 -0.0894563
FixedParameters: 0 0 0

#Transform 40
Transform: AffineTransform_float_3_3
Parameters: 0.999999 0.00128865 0.000697122 -0.00128853 0.999999 -0.00056898 -0.000697344 0.000568022 1 -0.0194272 0.0275021 -0.150226
FixedParameters: 0 0 0

#Transform 41
Transform: AffineTransform_float_3_3
Parameters: 1 0.000980739 0.000652221 -0.000980579 0.999999 -0.00012272 -0.000652462 0.000122279 0.999999 -0.0129227 -0.0218319 -0.141331
FixedParameters: 0 0 0

#Transform 42
Transform: AffineTransform_float_3_3
Parameters: 0.999998 0.001367 0.000957604 -0.0013666 0.999999 -0.00056039 -0.000957891 0.000558611 0.999999 -0.0429816 0.0252239 -0.0955081
FixedParameters: 0 0 0

#Transform 43
Transform: AffineTransform_float_3_3
Parameters: 0.999998 0.00138366 0.00101568 -0.0013843 1 -0.000156568 -0.00101583 0.000155433 0.999999 -0.0438964 0.0261731 -0.0807551
FixedParameters: 0 0 0

#Transform 44
Transform: AffineTransform_float_3_3
Parameters: 0.999998 0.00134531 0.00110591 -0.00134502 0.999999 -0.00056265 -0.00110713 0.00056135 0.999999 -0.0979876 0.0665986 -0.0801643
FixedParameters: 0 0 0

#Transform 45
Transform: AffineTransform_float_3_3
Parameters: 0.999998 0.00152782 0.00137658 -0.00152642 0.999998 -0.00110099 -0.00137842 0.00109901 0.999998 -0.106957 0.0705412 -0.0999176
FixedParameters: 0 0 0

#Transform 46
Transform: AffineTransform_float_3_3
Parameters: 0.999998 0.00163793 0.0009223 -0.00163623 0.999999 -0.00113567 -0.000923814 0.00113433 0.999999 -0.101365 0.0814775 -0.115489
FixedParameters: 0 0 0

#Transform 47
Transform: AffineTransform_float_3_3
Parameters: 0.999998 0.0015739 0.000706369 -0.00157245 0.999998 -0.00130547 -0.000708272 0.00130353 0.999999 -0.0999771 0.055342 -0.0703026
FixedParameters: 0 0 0

#Transform 48
Transform: AffineTransform_float_3_3
Parameters: 0.999999 0.00128116 0.000393258 -0.00128108 0.999999 -0.000956586 -0.000394466 0.000956415 1 -0.075156 0.059213 -0.098283
FixedParameters: 0 0 0

#Transform 49
Transform: AffineTransform_float_3_3
Parameters: 0.999999 0.00141147 0.000452589 -0.00141127 0.999998 -0.00095672 -0.000454046 0.000956279 1 -0.0721084 0.0349832 -0.118146
FixedParameters: 0 0 0

#Transform 50
Transform: AffineTransform_float_3_3
Parameters: 0.999998 0.00198916 0.00060184 -0.00198912 0.999997 -0.00114863 -0.000603921 0.00114737 0.999999 -0.085204 0.0501908 -0.143779
FixedParameters: 0 0 0

#Transform 51
Transform: AffineTransform_float_3_3
Parameters: 0.999999 0.00127286 0.000164931 -0.00127315 0.999998 -0.00115021 -0.000166616 0.00114979 1 -0.0439754 0.0576642 -0.157224
FixedParameters: 0 0 0

#Transform 52
Transform: AffineTransform_float_3_3
Parameters: 0.999999 0.00127275 0.000165786 -0.00127355 0.999999 -0.000478564 -0.000166721 0.000478435 1 -0.044034 0.00836893 -0.13191
FixedParameters: 0 0 0

#Transform 53
Transform: AffineTransform_float_3_3
Parameters: 0.999999 0.00127279 0.000165422 -0.00127322 0.999999 -0.000764564 -0.000166126 0.000764436 0.999999 -0.0273322 0.0570191 -0.193082
FixedParameters: 0 0 0

#Transform 54
Transform: AffineTransform_float_3_3
Parameters: 0.999999 0.00134458 0.000406891 -0.00134457 0.999999 -0.000838629 -0.000407903 0.000838372 1 -0.0257826 0.0418177 -0.162678
FixedParameters: 0 0 0

#Transform 55
Transform: AffineTransform_float_3_3
Parameters: 0.999998 0.00143375 0.000716073 -0.00143554 0.999998 0.00152789 -0.000713889 -0.00152911 0.999999 -0.0282434 -0.0631213 0.0171896
FixedParameters: 0 0 0

#Transform 56
Transform: AffineTransform_float_3_3
Parameters: 0.999998 0.0017974 0.000767388 -0.00179631 0.999998 -0.00114681 -0.000770264 0.00114518 0.999999 -0.0436118 0.0295047 -0.182093
FixedParameters: 0 0 0

#Transform 57
Transform: AffineTransform_float_3_3
Parameters: 0.999997 0.00227022 0.000813229 -0.00226758 0.999991 -0.00333701 -0.000820235 0.00333499 0.999995 -0.0597943 0.0641617 -0.400978
FixedParameters: 0 0 0

#Transform 58
Transform: AffineTransform_float_3_3
Parameters: 0.999996 0.00237319 0.000954975 -0.00237023 0.999994 -0.00266187 -0.000960709 0.00266014 0.999996 -0.0672377 0.0123932 -0.332754
FixedParameters: 0 0 0

#Transform 59
Transform: AffineTransform_float_3_3
Parameters: 0.999997 0.00208929 0.000571323 -0.00208775 0.999994 -0.00261663 -0.000576604 0.00261537 0.999996 -0.0393826 0.0133919 -0.357296
FixedParameters: 0 0 0

#Transform 60
Transform: AffineTransform_float_3_3
Parameters: 0.999998 0.00200743 0.000550794 -0.00200615 0.999996 -0.00212054 -0.000555858 0.00211946 0.999998 -0.0376155 -0.0036686 -0.331899
FixedParameters: 0 0 0

#Transform 61
Transform: AffineTransform_float_3_3
Parameters: 0.999998 0.00216226 0.000741944 -0.00216025 0.999996 -0.00187885 -0.00074566 0.00187815 0.999998 -0.0554667 0.0254917 -0.268475
FixedParameters: 0 0 0

#Transform 62
Transform: AffineTransform_float_3_3
Parameters: 0.999998 0.00206549 0.000975936 -0.00206306 0.999996 -0.00213053 -0.000980041 0.00212847 0.999997 -0.0639275 0.0462872 -0.278967
FixedParameters: 0 0 0

#Transform 63
Transform: AffineTransform_float_3_3
Parameters: 0.999998 0.00162263 0.000446154 -0.00162159 0.999996 -0.00235708 -0.000450355 0.00235592 0.999997 -0.0314725 0.0460177 -0.312868
FixedParameters: 0 0 0

#Transform 64
Transform: AffineTransform_float_3_3
Parameters: 0.999999 0.00164375 0.000439707 -0.00164362 0.999996 -0.00244816 -0.000444026 0.00244784 0.999996 -0.0243597 0.0258875 -0.313659
FixedParameters: 0 0 0

#Transform 65
Transform: AffineTransform_float_3_3
Parameters: 0.999998 0.00159089 0.000456042 -0.00159033 0.999997 -0.00207989 -0.000460174 0.00208011 0.999998 -0.0281942 0.0378506 -0.323927
FixedParameters: 0 0 0

#Transform 66
Transform: AffineTransform_float_3_3
Parameters: 0.999998 0.00148516 0.000773691 -0.00148284 0.999995 -0.00279623 -0.00077826 0.00279477 0.999996 -0.0372339 0.0314572 -0.325832
FixedParameters: 0 0 0

#Transform 67
Transform: AffineTransform_float_3_3
Parameters: 0.999999 0.00150831 0.00107178 -0.0015057 0.999995 -0.0026057 -0.00107562 0.0026033 0.999996 -0.0450243 0.0611262 -0.329665
FixedParameters: 0 0 0

#Transform 68
Transform: AffineTransform_float_3_3
Parameters: 0.999999 0.00145581 0.000895144 -0.00145273 0.999995 -0.00284839 -0.000899698 0.00284661 0.999996 -0.035081 0.0578103 -0.377981
FixedParameters: 0 0 0

#Transform 69
Transform: AffineTransform_float_3_3
Parameters: 0.999999 0.00136177 0.000579253 -0.0013596 0.999993 -0.00336687 -0.000583727 0.00336613 0.999994 -0.025329 0.0560474 -0.416367
FixedParameters: 0 0 0

#Transform 70
Transform: AffineTransform_float_3_3
Parameters: 0.999999 0.00137793 0.000629573 -0.00137479 0.999989 -0.00438595 -0.000635715 0.00438505 0.99999 -0.0145899 0.0305369 -0.406231
FixedParameters: 0 0 0

#Transform 71
Transform: AffineTransform_float_3_3
Parameters: 0.999999 0.00176197 0.000621412 -0.00175918 0.999988 -0.00447126 -0.000629024 0.00447074 0.99999 -0.0283417 0.071134 -0.483832
FixedParameters: 0 0 0

#Transform 72
Transform: AffineTransform_float_3_3
Parameters: 0.999998 0.00200615 0.000547849 -0.00200371 0.999988 -0.00449454 -0.000556779 0.00449346 0.99999 -0.0405509 0.0852522 -0.530168
FixedParameters: 0 0 0

#Transform 73
Transform: AffineTransform_float_3_3
Parameters: 0.999998 0.00224814 0.00047618 -0.00224593 0.99999 -0.00392679 -0.000485017 0.00392521 0.999992 -0.0440129 0.0213592 -0.440632
FixedParameters: 0 0 0

#Transform 74
Transform: AffineTransform_float_3_3
Parameters: 0.999996 0.00255607 0.00048821 -0.00255378 0.999988 -0.00430005 -0.000499172 0.00429895 0.999991 -0.0527144 0.0667348 -0.413979
FixedParameters: 0 0 0

#Transform 75
Transform: AffineTransform_float_3_3
Parameters: 0.999998 0.00227508 0.000467508 -0.0022724 0.999989 -0.00419678 -0.000476824 0.00419522 0.999991 -0.0299312 0.0353459 -0.403266
FixedParameters: 0 0 0

#Transform 76
Transform: AffineTransform_float_3_3
Parameters: 0.999998 0.00186024 0.000592822 -0.00185747 0.999991 -0.00387754 -0.000599388 0.00387646 0.999992 -0.0162265 0.0553934 -0.412103
FixedParameters: 0 0 0

#Transform 77
Transform: AffineTransform_float_3_3
Parameters: 0.999997 0.00205234 0.00123561 -0.00204814 0.999993 -0.00333178 -0.00124181 0.00332922 0.999994 -0.0394786 0.0554111 -0.377951
FixedParameters: 0 0 0

#Transform 78
Transform: AffineTransform_float_3_3
Parameters: 0.999997 0.00215628 0.00120373 -0.00215103 0.99999 -0.00373257 -0.00121139 0.00373043 0.999993 -0.0444155 0.0737571 -0.426831
FixedParameters: 0 0 0

#Transform 79
Transform: AffineTransform_float_3_3
Parameters: 0.999997 0.00205308 0.00123439 -0.00204809 0.99999 -0.00392478 -0.00124178 0.00392222 0.999991 -0.0488095 0.0909362 -0.462183
FixedParameters: 0 0 0

#Transform 80
Transform: AffineTransform_float_3_3
Parameters: 0.999997 0.00196038 0.000929219 -0.00195766 0.999993 -0.00326634 -0.000935799 0.00326466 0.999994 -0.0501766 0.0660484 -0.41008
FixedParameters: 0 0 0

#Transform 81
Transform: AffineTransform_float_3_3
Parameters: 0.999997 0.0020952 0.00137963 -0.00209077 0.999992 -0.00317186 -0.0013864 0.00316913 0.999994 -0.0785797 0.0774758 -0.423484
FixedParameters: 0 0 0

#Transform 82
Transform: AffineTransform_float_3_3
Parameters: 0.999997 0.00246207 0.00100686 -0.00245836 0.999988 -0.004025 -0.001017 0.00402199 0.999991 -0.14408 0.0909721 -0.393262
FixedParameters: 0 0 0

#Transform 83
Transform: AffineTransform_float_3_3
Parameters: 0.999995 0.00302079 0.000837603 -0.00301746 0.999986 -0.00449869 -0.000850979 0.00449531 0.999989 -0.13371 0.0810669 -0.414721
FixedParameters: 0 0 0

#Transform 84
Transform: AffineTransform_float_3_3
Parameters: 0.999996 0.00263515 0.0009531 -0.00263056 0.999985 -0.00476404 -0.000965359 0.00476096 0.999989 -0.120365 0.0726773 -0.356829
FixedParameters: 0 0 0

#Transform 85
Transform: AffineTransform_float_3_3
Parameters: 0.999992 0.00351192 0.00188528 -0.00350108 0.99998 -0.00528329 -0.00190395 0.00527671 0.999984 -0.174766 0.083964 -0.349551
FixedParameters: 0 0 0

#Transform 86
Transform: AffineTransform_float_3_3
Parameters: 0.999992 0.00351302 0.00199416 -0.00350074 0.999975 -0.00616568 -0.00201596 0.00615832 0.999979 -0.166048 0.0924136 -0.418923
FixedParameters: 0 0 0

#Transform 87
Transform: AffineTransform_float_3_3
Parameters: 0.999993 0.00337889 0.00150127 -0.00336983 0.999973 -0.00638086 -0.00152251 0.00637514 0.999978 -0.124747 0.0705979 -0.380265
FixedParameters: 0 0 0

#Transform 88
Transform: AffineTransform_float_3_3
Parameters: 0.999993 0.00356475 0.00133351 -0.00355387 0.999963 -0.00791091 -0.00136168 0.0079061 0.999968 -0.130534 0.0627102 -0.433744
FixedParameters: 0 0 0

#Transform 89
Transform: AffineTransform_float_3_3
Parameters: 0.999993 0.00342863 0.00133204 -0.00341595 0.999951 -0.00932864 -0.00136402 0.00932336 0.999956 -0.117311 0.0627198 -0.492646
FixedParameters: 0 0 0

#Transform 90
Transform: AffineTransform_float_3_3
Parameters: 0.999993 0.00373494 0.00122124 -0.00372467 0.999959 -0.00814872 -0.00125197 0.00814428 0.999966 -0.138145 0.0637795 -0.493191
FixedParameters: 0 0 0

#Transform 91
Transform: AffineTransform_float_3_3
Parameters: 0.999985 0.00490665 0.00245038 -0.00488156 0.999936 -0.0102736 -0.0025005 0.0102614 0.999944 -0.237842 0.0754387 -0.412617
FixedParameters: 0 0 0

#Transform 92
Transform: AffineTransform_float_3_3
Parameters: 0.999981 0.00538728 0.00280557 -0.00533832 0.999836 -0.0172948 -0.00289807 0.0172793 0.999847 -0.270369 0.0127981 -0.446814
FixedParameters: 0 0 0

#Transform 93
Transform: AffineTransform_float_3_3
Parameters: 0.999982 0.00479698 0.00340805 -0.00474879 0.999893 -0.0138637 -0.00347421 0.0138473 0.999898 -0.216776 0.0133935 -0.31621
FixedParameters: 0 0 0

#Transform 94
Transform: AffineTransform_float_3_3
Parameters: 0.999988 0.00408723 0.00270194 -0.00405754 0.999931 -0.0110215 -0.00274618 0.0110105 0.999936 -0.183837 0.00938927 -0.217275
FixedParameters: 0 0 0

#Transform 95
Transform: AffineTransform_float_3_3
Parameters: 0.99999 0.00392953 0.00205779 -0.00390766 0.999938 -0.010394 -0.00209849 0.0103861 0.999944 -0.152888 0.0463944 -0.386345
FixedParameters: 0 0 0

#Transform 96
Transform: AffineTransform_float_3_3
Parameters: 0.99999 0.00413483 0.00131623 -0.00412138 0.999945 -0.00967406 -0.00135695 0.00966894 0.999952 -0.1282 0.0222346 -0.389661
FixedParameters: 0 0 0

#Transform 97
Transform: AffineTransform_float_3_3
Parameters: 0.999992 0.00406139 0.000826482 -0.00405361 0.999943 -0.00988109 -0.000866458 0.00987791 0.999951 -0.123249 0.0333291 -0.424599
FixedParameters: 0 0 0

#Transform 98
Transform: AffineTransform_float_3_3
Parameters: 0.999991 0.00399163 0.000847764 -0.0039827 0.999943 -0.00991639 -0.000887872 0.00991262 0.99995 -0.110386 0.00775492 -0.373521
FixedParameters: 0 0 0

#Transform 99
Transform: AffineTransform_float_3_3
Parameters: 0.999991 0.00399172 0.000847316 -0.00398232 0.999942 -0.0100284 -0.000887357 0.0100246 0.999949 -0.0949529 0.0511331 -0.398094
FixedParameters: 0 0 0

#Transform 100
Transform: AffineTransform_float_3_3
Parameters: 0.999991 0.00399074 0.00085195 -0.00398253 0.999953 -0.00886739 -0.000887129 0.00886361 0.99996 -0.111203 0.0423634 -0.410592
FixedParameters: 0 0 0

#Transform 101
Transform: AffineTransform_float_3_3
Parameters: 0.999991 0.00399118 0.000849888 -0.00398276 0.999948 -0.00938411 -0.000887952 0.00938088 0.999956 -0.130965 0.0251873 -0.414461
FixedParameters: 0 0 0

#Transform 102
Transform: AffineTransform_float_3_3
Parameters: 0.999992 0.00385741 0.000890546 -0.00384931 0.999948 -0.00947816 -0.000927502 0.00947485 0.999955 -0.117225 0.0424337 -0.443772
FixedParameters: 0 0 0

#Transform 103
Transform: AffineTransform_float_3_3
Parameters: 0.999992 0.00403921 0.00100677 -0.00402953 0.999948 -0.00936579 -0.00104404 0.00936121 0.999956 -0.147616 0.0532877 -0.411636
FixedParameters: 0 0 0

#Transform 104
Transform: AffineTransform_float_3_3
Parameters: 0.999989 0.00423907 0.0016553 -0.00422235 0.999944 -0.00975071 -0.00169655 0.00974328 0.999951 -0.177266 0.0591993 -0.372067
FixedParameters: 0 0 0

#Transform 105
Transform: AffineTransform_float_3_3
Parameters: 0.999992 0.00404742 0.00102931 -0.00403675 0.999943 -0.00993898 -0.00107012 0.00993503 0.99995 -0.12057 0.10089 -0.396952
FixedParameters: 0 0 0

#Transform 106
Transform: AffineTransform_float_3_3
Parameters: 0.999991 0.00398813 0.000831477 -0.00397836 0.999935 -0.0106443 -0.000874147 0.0106407 0.999943 -0.109258 0.0989803 -0.442445
FixedParameters: 0 0 0

#Transform 107
Transform: AffineTransform_float_3_3
Parameters: 0.999991 0.00405036 0.000450888 -0.00404609 0.999945 -0.00969002 -0.000489316 0.00968798 0.999953 -0.0912174 0.0973666 -0.443594
FixedParameters: 0 0 0

#Transform 108
Transform: AffineTransform_float_3_3
Parameters: 0.999989 0.00455241 0.000994253 -0.00454213 0.999944 -0.0095157 -0.00103742 0.00951129 0.999954 -0.124161 0.0824229 -0.443046
FixedParameters: 0 0 0

#Transform 109
Transform: AffineTransform_float_3_3
Parameters: 0.99999 0.00443761 0.000621787 -0.00443157 0.999948 -0.0092084 -0.000663143 0.0092056 0.999957 -0.115092 0.102202 -0.460019
FixedParameters: 0 0 0

#Transform 110
Transform: AffineTransform_float_3_3
Parameters: 0.99999 0.00443407 0.000610439 -0.00442828 0.999948 -0.00918007 -0.000651484 0.00917792 0.999958 -0.1105 0.0654429 -0.450762
FixedParameters: 0 0 0

#Transform 111
Transform: AffineTransform_float_3_3
Parameters: 0.99999 0.0043945 0.000478138 -0.00438976 0.999943 -0.00969439 -0.00052011 0.00969261 0.999953 -0.108371 0.0789043 -0.49296
FixedParameters: 0 0 0

#Transform 112
Transform: AffineTransform_float_3_3
Parameters: 0.99999 0.00462375 0.000257598 -0.0046218 0.999944 -0.00960231 -0.000301557 0.00960069 0.999954 -0.104294 0.0953173 -0.465455
FixedParameters: 0 0 0

#Transform 113
Transform: AffineTransform_float_3_3
Parameters: 0.999989 0.00479606 0.000289362 -0.00479273 0.99994 -0.00984952 -0.000337068 0.00984749 0.999952 -0.104172 0.0782336 -0.462885
FixedParameters: 0 0 0

#Transform 114
Transform: AffineTransform_float_3_3
Parameters: 0.999989 0.00472382 5.81438e-05 -0.00472321 0.999949 -0.0090124 -0.000100284 0.00901262 0.99996 -0.0937657 0.084017 -0.446561
FixedParameters: 0 0 0

#Transform 115
Transform: AffineTransform_float_3_3
Parameters: 0.99999 0.00449545 9.61384e-05 -0.00449444 0.999953 -0.00866145 -0.000135117 0.00866054 0.999962 -0.0736781 0.0771782 -0.413037
FixedParameters: 0 0 0

#Transform 116
Transform: AffineTransform_float_3_3
Parameters: 0.999991 0.00434599 0.000638168 -0.00434023 0.99995 -0.00899805 -0.00067697 0.00899494 0.999959 -0.0756836 0.101486 -0.415312
FixedParameters: 0 0 0

#Transform 117
Transform: AffineTransform_float_3_3
Parameters: 0.99999 0.00429663 0.000295137 -0.00429381 0.99995 -0.00911183 -0.000333959 0.00911119 0.999959 -0.0699437 0.0993078 -0.521568
FixedParameters: 0 0 0

#Transform 118
Transform: AffineTransform_float_3_3
Parameters: 0.999991 0.00421908 0.000681079 -0.00421352 0.999959 -0.00798287 -0.000714402 0.00798013 0.999968 -0.0730258 0.0898025 -0.559112
FixedParameters: 0 0 0

#Transform 119
Transform: AffineTransform_float_3_3
Parameters: 0.999993 0.00375972 0.000587371 -0.00375634 0.999978 -0.00553382 -0.000608185 0.00553218 0.999985 -0.0633577 0.0301165 -0.314489
FixedParameters: 0 0 0
