#Insight Transform File V1.0
#Transform 0
Transform: AffineTransform_float_3_3
Parameters: 1 0.000757436 0.000833531 -0.000759277 0.999997 0.00239536 -0.000831739 -0.00239564 0.999997 -0.112277 -0.0501027 0.0774033
FixedParameters: 0 0 0

#Transform 1
Transform: AffineTransform_float_3_3
Parameters: 0.999999 0.000632521 0.00055063 -0.000632793 0.999998 0.00219865 -0.000549688 -0.00219935 0.999998 -0.0849772 -0.0662464 0.0720415
FixedParameters: 0 0 0

#Transform 2
Transform: AffineTransform_float_3_3
Parameters: 1 0.000769191 0.000690486 -0.000770461 0.999998 0.00175347 -0.000689703 -0.00175453 0.999998 -0.107702 -0.0119439 0.0643502
FixedParameters: 0 0 0

#Transform 3
Transform: AffineTransform_float_3_3
Parameters: 0.999999 0.000261643 0.00079198 -0.000263386 0.999999 0.00177779 -0.000791967 -0.00177821 0.999998 -0.106879 -0.0472979 0.0715265
FixedParameters: 0 0 0

#Transform 4
Transform: AffineTransform_float_3_3
Parameters: 0.999999 0.000497243 0.000568448 -0.00049756 0.999999 0.00115672 -0.00056722 -0.00115728 0.999999 -0.088234 0.0123923 0.0558547
FixedParameters: 0 0 0

#Transform 5
Transform: AffineTransform_float_3_3
Parameters: 1 0.000353688 0.000326486 -0.000354359 1 0.00102889 -0.000325757 -0.00102912 1 -0.0688982 -0.00413383 0.045959
FixedParameters: 0 0 0

#Transform 6
Transform: AffineTransform_float_3_3
Parameters: 1 0.00034142 0.000483054 -0.00034154 1 0.00115684 -0.000482187 -0.00115717 0.999999 -0.0703622 -0.0198642 0.0450598
FixedParameters: 0 0 0

#Transform 7
Transform: AffineTransform_float_3_3
Parameters: 1 0.00034676 0.000417088 -0.000347324 0.999999 0.000676855 -0.000416618 -0.000677144 0.999999 -0.0656631 -0.0195809 0.0355302
FixedParameters: 0 0 0

#Transform 8
Transform: AffineTransform_float_3_3
Parameters: 0.999999 0.000936217 7.2231e-05 -0.000936246 0.999999 0.000204932 -7.18472e-05 -0.000205067 1 -0.0755665 0.0314554 0.0270098
FixedParameters: 0 0 0

#Transform 9
Transform: AffineTransform_float_3_3
Parameters: 0.999999 0.000858996 0.000240165 -0.000859225 1 0.000635871 -0.00024007 -0.00063613 1 -0.0608593 -0.0116913 0.0350172
FixedParameters: 0 0 0

#Transform 10
Transform: AffineTransform_float_3_3
Parameters: 1 0.000206466 0.000272831 -0.000206915 0.999999 0.000822943 -0.00027249 -0.000823056 0.999999 -0.0364835 -0.0232643 0.024945
FixedParameters: 0 0 0

#Transform 11
Transform: AffineTransform_float_3_3
Parameters: 1 -2.99112e-05 -2.3069e-06 2.9912e-05 1 0.000178 2.29625e-06 -0.000178 1 -0.0113447 0.0240779 0.025675
FixedParameters: 0 0 0

#Transform 12
Transform: AffineTransform_float_3_3
Parameters: 1 -9.56985e-05 -7.25795e-05 9.57326e-05 1 0.000234993 7.25346e-05 -0.000235007 1 -0.00685945 0.00598893 0.0210142
FixedParameters: 0 0 0

#Transform 13
Transform: AffineTransform_float_3_3
Parameters: 1 -0.000221339 -1.71222e-05 0.000221353 1 0.000408996 1.69411e-05 -0.000409004 1 0.00484781 -0.00174453 0.0297995
FixedParameters: 0 0 0

#Transform 14
Transform: AffineTransform_float_3_3
Parameters: 1 -0.000475689 -0.00045005 0.000476094 1 0.000449786 0.000449621 -0.000450214 1 0.021132 -0.0191895 0.0273507
FixedParameters: 0 0 0

#Transform 15
Transform: AffineTransform_float_3_3
Parameters: 1 -0.000240535 -0.000444796 0.000240638 1 0.000115893 0.00044474 -0.000116107 1 0.0144938 0.0288113 0.0212752
FixedParameters: 0 0 0

#Transform 16
Transform: AffineTransform_float_3_3
Parameters: 1 1.76757e-05 -0.000424897 -1.76239e-05 1 6.10075e-05 0.000424899 -6.09925e-05 1 -0.010543 0.0136674 0.0127821
FixedParameters: 0 0 0

#Transform 17
Transform: AffineTransform_float_3_3
Parameters: 1 -0.000482189 -0.000366276 0.000482482 1 0.000399823 0.00036589 -0.000400176 1 0.00825259 -0.0287771 0.0275745
FixedParameters: 0 0 0

#Transform 18
Transform: AffineTransform_float_3_3
Parameters: 1 0.000285619 -0.000231775 -0.000285626 1 -1.49338e-05 0.000231766 1.50662e-05 1 -0.013893 0.0466627 0.0223931
FixedParameters: 0 0 0

#Transform 19
Transform: AffineTransform_float_3_3
Parameters: 1 0.000232974 -0.000408349 -0.000233053 1 -9.69048e-05 0.000408304 9.70951e-05 1 0.000452362 0.0196021 0.00108273
FixedParameters: 0 0 0

#Transform 20
Transform: AffineTransform_float_3_3
Parameters: 1 1.163e-05 -0.000425359 -1.17049e-05 1 -8.7995e-05 0.000425357 8.80049e-05 1 0.00694841 -0.0079501 -0.000774326
FixedParameters: 0 0 0

#Transform 21
Transform: AffineTransform_float_3_3
Parameters: 1 1.17338e-05 -0.000425357 -1.25982e-05 1 0.000156005 0.000425284 -0.000155995 1 0.0119396 -0.0186635 0.00795915
FixedParameters: 0 0 0

#Transform 22
Transform: AffineTransform_float_3_3
Parameters: 1 0.000414314 1.18144e-05 -0.000414314 1 -1.50049e-05 -1.18268e-05 1.49951e-05 1 -0.00980173 0.0187655 0.0201431
FixedParameters: 0 0 0

#Transform 23
Transform: AffineTransform_float_3_3
Parameters: 1 -4.27765e-06 -0.000217972 3.30545e-06 1 5.69993e-05 0.000217895 -5.70009e-05 1 0.00455167 0.013062 0.0216814
FixedParameters: 0 0 0

#Transform 24
Transform: AffineTransform_float_3_3
Parameters: 1 2.62429e-05 -0.000613798 -2.70889e-05 1 0.000123017 0.000613728 -0.000122984 1 0.0300719 -0.0285312 0.0163907
FixedParameters: 0 0 0

#Transform 25
Transform: AffineTransform_float_3_3
Parameters: 1 6.81446e-06 -0.000364541 -7.16077e-06 1 -0.000474997 0.000364535 0.000475002 1 0.0108379 0.0498109 0.0104863
FixedParameters: 0 0 0

#Transform 26
Transform: AffineTransform_float_3_3
Parameters: 1 -2.80266e-05 9.11291e-05 2.71223e-05 1 -0.000508997 -9.11777e-05 0.000509002 1 -0.00872344 0.0249406 0.0129645
FixedParameters: 0 0 0

#Transform 27
Transform: AffineTransform_float_3_3
Parameters: 1 -0.000327455 0.000150409 0.000326542 1 -0.000279951 -0.000150303 0.000280049 1 0.00569611 -0.0216666 -0.0108196
FixedParameters: 0 0 0

#Transform 28
Transform: AffineTransform_float_3_3
Parameters: 0.999999 -0.000474272 0.000605801 0.000474492 1 -0.000940708 -0.000605983 0.000940294 1 -0.0157378 0.0474016 -0.00219732
FixedParameters: 0 0 0

#Transform 29
Transform: AffineTransform_float_3_3
Parameters: 1 -0.000311306 0.000506866 0.000312259 1 -0.000940759 -0.00050628 0.00094024 0.999999 -0.0199697 0.0385421 -0.0283249
FixedParameters: 0 0 0

#Transform 30
Transform: AffineTransform_float_3_3
Parameters: 0.999999 -0.000237439 0.000682971 0.000237727 0.999999 -0.000940908 -0.0006826 0.000940092 1 0.0055119 0.0145115 -0.0462053
FixedParameters: 0 0 0

#Transform 31
Transform: AffineTransform_float_3_3
Parameters: 0.999999 -0.000478672 0.000664682 0.000479144 1 -0.00104668 -0.000664753 0.00104732 0.999999 0.00946567 0.0433385 -0.0338422
FixedParameters: 0 0 0

#Transform 32
Transform: AffineTransform_float_3_3
Parameters: 1 -0.00050989 0.00107445 0.000510913 1 -0.000940446 -0.00107357 0.000940554 0.999999 0.00888303 0.0396093 -0.0414179
FixedParameters: 0 0 0

#Transform 33
Transform: AffineTransform_float_3_3
Parameters: 0.999998 -0.000989223 0.00126605 0.000990753 0.999998 -0.00136182 -0.0012645 0.00136318 0.999998 0.0115106 0.033533 -0.0600731
FixedParameters: 0 0 0

#Transform 34
Transform: AffineTransform_float_3_3
Parameters: 0.999999 -0.000976638 0.00109953 0.000977714 0.999998 -0.001362 -0.00109801 0.001363 0.999999 0.0244557 0.00905224 -0.0448252
FixedParameters: 0 0 0

#Transform 35
Transform: AffineTransform_float_3_3
Parameters: 0.999999 -0.000982728 0.00118878 0.000985358 0.999998 -0.0018809 -0.00118723 0.0018821 0.999998 0.0207389 0.0613315 -0.0959011
FixedParameters: 0 0 0

#Transform 36
Transform: AffineTransform_float_3_3
Parameters: 0.999998 -0.000994745 0.00135672 0.000998121 0.999997 -0.00229171 -0.00135438 0.00229229 0.999997 0.0138279 0.079517 -0.11455
FixedParameters: 0 0 0

#Transform 37
Transform: AffineTransform_float_3_3
Parameters: 0.999999 -0.000982318 0.00118489 0.000985075 0.999997 -0.00197391 -0.00118215 0.00197509 0.999998 0.0209444 0.027095 -0.102664
FixedParameters: 0 0 0

#Transform 38
Transform: AffineTransform_float_3_3
Parameters: 0.999998 -0.000909843 0.0013564 0.000914443 0.999996 -0.00274383 -0.00135362 0.00274517 0.999996 0.0118987 0.0976429 -0.106392
FixedParameters: 0 0 0

#Transform 39
Transform: AffineTransform_float_3_3
Parameters: 0.999998 -0.000997273 0.00140113 0.00100142 0.999995 -0.00282367 -0.00139878 0.00282533 0.999995 0.0168251 0.0775801 -0.128877
FixedParameters: 0 0 0

#Transform 40
Transform: AffineTransform_float_3_3
Parameters: 0.999998 -0.00101458 0.00163344 0.00101879 0.999995 -0.00276941 -0.00163018 0.00277159 0.999995 0.0025986 0.0766882 -0.146123
FixedParameters: 0 0 0

#Transform 41
Transform: AffineTransform_float_3_3
Parameters: 0.999998 -0.0011722 0.00162236 0.00117732 0.999994 -0.00335416 -0.00161793 0.00335584 0.999993 0.0066988 0.107845 -0.148851
FixedParameters: 0 0 0

#Transform 42
Transform: AffineTransform_float_3_3
Parameters: 0.999997 -0.000886714 0.00230603 0.00089804 0.999989 -0.00457108 -0.00230162 0.00457291 0.999987 -0.0606743 0.154429 -0.199871
FixedParameters: 0 0 0

#Transform 43
Transform: AffineTransform_float_3_3
Parameters: 0.999996 -0.00123511 0.0024529 0.00124621 0.99999 -0.00421817 -0.00244818 0.00422083 0.999988 -0.0479021 0.124288 -0.210777
FixedParameters: 0 0 0

#Transform 44
Transform: AffineTransform_float_3_3
Parameters: 0.999997 -0.00105483 0.00221518 0.00106401 0.999991 -0.00403187 -0.00221131 0.00403313 0.99999 -0.0288485 0.132753 -0.202503
FixedParameters: 0 0 0

#Transform 45
Transform: AffineTransform_float_3_3
Parameters: 0.999996 -0.00109872 0.002834 0.00111126 0.999989 -0.00444716 -0.00282915 0.00445083 0.999986 -0.0628546 0.150679 -0.214797
FixedParameters: 0 0 0

#Transform 46
Transform: AffineTransform_float_3_3
Parameters: 0.999995 -0.00132167 0.00267925 0.00133285 0.99999 -0.00425066 -0.00267387 0.00425335 0.999987 -0.0349587 0.123797 -0.201426
FixedParameters: 0 0 0

#Transform 47
Transform: AffineTransform_float_3_3
Parameters: 0.999995 -0.00150306 0.00284561 0.001515 0.999989 -0.004297 -0.00283961 0.004302 0.999987 -0.0377171 0.125587 -0.178674
FixedParameters: 0 0 0

#Transform 48
Transform: AffineTransform_float_3_3
Parameters: 0.999994 -0.00145096 0.00293892 0.0014641 0.999989 -0.00453401 -0.00293275 0.00453899 0.999986 -0.0429749 0.161714 -0.201098
FixedParameters: 0 0 0

#Transform 49
Transform: AffineTransform_float_3_3
Parameters: 0.999995 -0.00142659 0.00279838 0.00143968 0.999988 -0.00459128 -0.0027912 0.00459472 0.999986 -0.0465072 0.139355 -0.21734
FixedParameters: 0 0 0

#Transform 50
Transform: AffineTransform_float_3_3
Parameters: 0.999995 -0.00150624 0.00280937 0.00151818 0.999989 -0.00436604 -0.00280214 0.00436996 0.999987 -0.0323842 0.112284 -0.2158
FixedParameters: 0 0 0

#Transform 51
Transform: AffineTransform_float_3_3
Parameters: 0.999995 -0.0015202 0.00301841 0.00153437 0.999987 -0.00475168 -0.00301102 0.00475632 0.999984 -0.0282246 0.160827 -0.214966
FixedParameters: 0 0 0

#Transform 52
Transform: AffineTransform_float_3_3
Parameters: 0.999993 -0.00173184 0.00335289 0.00174918 0.999984 -0.00532252 -0.00334379 0.00532847 0.99998 -0.0214085 0.165849 -0.236871
FixedParameters: 0 0 0

#Transform 53
Transform: AffineTransform_float_3_3
Parameters: 0.999992 -0.00201781 0.00333258 0.00203567 0.999983 -0.0054116 -0.00332206 0.0054184 0.99998 -0.0220153 0.158836 -0.225427
FixedParameters: 0 0 0

#Transform 54
Transform: AffineTransform_float_3_3
Parameters: 0.999992 -0.00180053 0.00344234 0.00182338 0.999976 -0.00669213 -0.00342989 0.00669788 0.999972 -0.0532404 0.140306 -0.246958
FixedParameters: 0 0 0

#Transform 55
Transform: AffineTransform_float_3_3
Parameters: 0.999993 -0.00157862 0.00336569 0.00160137 0.999976 -0.006691 -0.00335515 0.00669598 0.999971 -0.0416513 0.260832 -0.229988
FixedParameters: 0 0 0

#Transform 56
Transform: AffineTransform_float_3_3
Parameters: 0.999993 -0.0017007 0.00335696 0.00172265 0.999977 -0.00657762 -0.00334616 0.00658339 0.999973 -0.038345 0.174436 -0.23432
FixedParameters: 0 0 0

#Transform 57
Transform: AffineTransform_float_3_3
Parameters: 0.999994 -0.00162649 0.0032435 0.00164707 0.999979 -0.00630197 -0.00323345 0.00630702 0.999974 -0.0434844 0.162566 -0.227961
FixedParameters: 0 0 0

#Transform 58
Transform: AffineTransform_float_3_3
Parameters: 0.999994 -0.00141302 0.00337698 0.00143488 0.999978 -0.00639863 -0.00336842 0.00640337 0.999974 -0.0538492 0.203188 -0.209268
FixedParameters: 0 0 0

#Transform 59
Transform: AffineTransform_float_3_3
Parameters: 0.999994 -0.00123934 0.00318188 0.00126057 0.999978 -0.00656139 -0.00317306 0.00656461 0.999973 -0.0510362 0.202779 -0.221207
FixedParameters: 0 0 0

#Transform 60
Transform: AffineTransform_float_3_3
Parameters: 0.999994 -0.00154466 0.0031614 0.00156576 0.999977 -0.00656044 -0.00315057 0.00656455 0.999974 -0.0311401 0.20255 -0.217045
FixedParameters: 0 0 0

#Transform 61
Transform: AffineTransform_float_3_3
Parameters: 0.999992 -0.00175655 0.00342317 0.00177915 0.999977 -0.00655931 -0.00341071 0.0065647 0.999973 -0.0353465 0.197944 -0.224098
FixedParameters: 0 0 0

#Transform 62
Transform: AffineTransform_float_3_3
Parameters: 0.999992 -0.00197959 0.00363307 0.0020055 0.999972 -0.00715519 -0.00361858 0.00716181 0.999968 -0.0269138 0.229234 -0.245071
FixedParameters: 0 0 0

#Transform 63
Transform: AffineTransform_float_3_3
Parameters: 0.999991 -0.00217306 0.00361337 0.00219904 0.999973 -0.00705546 -0.00359746 0.00706354 0.999969 -0.0122947 0.221602 -0.257195
FixedParameters: 0 0 0

#Transform 64
Transform: AffineTransform_float_3_3
Parameters: 0.99999 -0.00236529 0.00365307 0.00239098 0.999972 -0.00705467 -0.00363652 0.00706333 0.999968 -0.00953935 0.205109 -0.253983
FixedParameters: 0 0 0

#Transform 65
Transform: AffineTransform_float_3_3
Parameters: 0.999991 -0.00249044 0.00359466 0.00251555 0.999974 -0.00681128 -0.00357742 0.00682072 0.99997 0.00897948 0.176264 -0.266715
FixedParameters: 0 0 0

#Transform 66
Transform: AffineTransform_float_3_3
Parameters: 0.999992 -0.00218518 0.00355273 0.00221069 0.999971 -0.00723954 -0.00353692 0.00724646 0.999967 -0.0218319 0.228902 -0.273877
FixedParameters: 0 0 0

#Transform 67
Transform: AffineTransform_float_3_3
Parameters: 0.99999 -0.00199777 0.00416999 0.00202976 0.999969 -0.00767119 -0.00415457 0.00767981 0.999962 -0.0605536 0.234569 -0.313974
FixedParameters: 0 0 0

#Transform 68
Transform: AffineTransform_float_3_3
Parameters: 0.999988 -0.00251888 0.00418459 0.00254973 0.999968 -0.00747289 -0.00416617 0.0074831 0.999963 -0.0118091 0.203861 -0.33356
FixedParameters: 0 0 0

#Transform 69
Transform: AffineTransform_float_3_3
Parameters: 0.999987 -0.00253369 0.00443127 0.00256875 0.999965 -0.00797527 -0.00441133 0.00798672 0.999958 -0.00869428 0.257379 -0.329044
FixedParameters: 0 0 0

#Transform 70
Transform: AffineTransform_float_3_3
Parameters: 0.999984 -0.00300822 0.00481237 0.00304427 0.999967 -0.00753208 -0.00478959 0.00754692 0.99996 0.00263378 0.225503 -0.325978
FixedParameters: 0 0 0

#Transform 71
Transform: AffineTransform_float_3_3
Parameters: 0.999981 -0.00303657 0.005238 0.00307738 0.999966 -0.00774778 -0.00521475 0.00776323 0.999956 -0.0149716 0.230694 -0.360171
FixedParameters: 0 0 0

#Transform 72
Transform: AffineTransform_float_3_3
Parameters: 0.999978 -0.00348402 0.00553754 0.0035282 0.999961 -0.00796753 -0.00551005 0.00798747 0.999953 0.00436499 0.247809 -0.36259
FixedParameters: 0 0 0

#Transform 73
Transform: AffineTransform_float_3_3
Parameters: 0.999978 -0.00348381 0.00553454 0.00352795 0.999962 -0.00796739 -0.00550706 0.00798761 0.999953 0.00458711 0.241316 -0.35287
FixedParameters: 0 0 0

#Transform 74
Transform: AffineTransform_float_3_3
Parameters: 0.999977 -0.00350108 0.00578495 0.00354713 0.999962 -0.00796655 -0.00575634 0.00798745 0.999952 0.0113241 0.245953 -0.356615
FixedParameters: 0 0 0

#Transform 75
Transform: AffineTransform_float_3_3
Parameters: 0.999976 -0.00382604 0.00576092 0.00386932 0.999964 -0.00749169 -0.00573156 0.00751431 0.999955 0.0288233 0.208543 -0.339671
FixedParameters: 0 0 0

#Transform 76
Transform: AffineTransform_float_3_3
Parameters: 0.999979 -0.00327682 0.00559526 0.00332209 0.999962 -0.00808549 -0.00556838 0.00810452 0.999952 0.0310847 0.256875 -0.324691
FixedParameters: 0 0 0

#Transform 77
Transform: AffineTransform_float_3_3
Parameters: 0.999981 -0.00325984 0.0053447 0.00330264 0.999962 -0.00803933 -0.00531927 0.00805667 0.999954 0.041431 0.227819 -0.337347
FixedParameters: 0 0 0

#Transform 78
Transform: AffineTransform_float_3_3
Parameters: 0.999981 -0.00325825 0.00534567 0.00330223 0.99996 -0.00833626 -0.00531845 0.00835374 0.999951 0.033855 0.249767 -0.346442
FixedParameters: 0 0 0

#Transform 79
Transform: AffineTransform_float_3_3
Parameters: 0.99998 -0.00342022 0.00533436 0.00346446 0.99996 -0.00827043 -0.00530681 0.00828858 0.999952 0.0366989 0.23535 -0.365622
FixedParameters: 0 0 0

#Transform 80
Transform: AffineTransform_float_3_3
Parameters: 0.999982 -0.00322649 0.00494947 0.00327185 0.999952 -0.00922657 -0.00492007 0.00924244 0.999945 0.0430464 0.295094 -0.366968
FixedParameters: 0 0 0

#Transform 81
Transform: AffineTransform_float_3_3
Parameters: 0.999983 -0.0032253 0.00489711 0.00326804 0.999957 -0.00876576 -0.00486851 0.00878225 0.99995 0.0471229 0.259197 -0.358766
FixedParameters: 0 0 0

#Transform 82
Transform: AffineTransform_float_3_3
Parameters: 0.999984 -0.00320093 0.0045316 0.00324024 0.999958 -0.00865491 -0.00450387 0.0086701 0.999953 0.0679149 0.2545 -0.356462
FixedParameters: 0 0 0

#Transform 83
Transform: AffineTransform_float_3_3
Parameters: 0.999984 -0.00320042 0.00453195 0.00323984 0.999957 -0.00876692 -0.00450459 0.0087821 0.999952 0.0635984 0.248171 -0.320258
FixedParameters: 0 0 0

#Transform 84
Transform: AffineTransform_float_3_3
Parameters: 0.999986 -0.00318903 0.00439364 0.00322883 0.999952 -0.0091944 -0.00436481 0.00920859 0.999948 0.062936 0.298215 -0.342492
FixedParameters: 0 0 0

#Transform 85
Transform: AffineTransform_float_3_3
Parameters: 0.999986 -0.00292294 0.00439182 0.00296318 0.999952 -0.00927466 -0.00436442 0.00928734 0.999948 0.0511814 0.279124 -0.346149
FixedParameters: 0 0 0

#Transform 86
Transform: AffineTransform_float_3_3
Parameters: 0.999985 -0.00300808 0.00454612 0.00305023 0.999954 -0.00916073 -0.0045188 0.00917427 0.999947 0.0497371 0.269234 -0.344069
FixedParameters: 0 0 0

#Transform 87
Transform: AffineTransform_float_3_3
Parameters: 0.999985 -0.00308938 0.00454093 0.00313053 0.999952 -0.00927338 -0.00451258 0.00928762 0.999946 0.0560089 0.287829 -0.345517
FixedParameters: 0 0 0

#Transform 88
Transform: AffineTransform_float_3_3
Parameters: 0.999983 -0.00296541 0.0051459 0.00301554 0.999948 -0.00974242 -0.0051165 0.00975759 0.999939 0.0257541 0.31288 -0.360174
FixedParameters: 0 0 0

#Transform 89
Transform: AffineTransform_float_3_3
Parameters: 0.999982 -0.00289022 0.00515112 0.00294117 0.999947 -0.00981086 -0.00512278 0.00982514 0.999939 0.0343518 0.303705 -0.381157
FixedParameters: 0 0 0

#Transform 90
Transform: AffineTransform_float_3_3
Parameters: 0.999979 -0.00324134 0.00570052 0.00330007 0.99994 -0.0103924 -0.00566715 0.0104106 0.99993 0.0244248 0.330953 -0.41793
FixedParameters: 0 0 0

#Transform 91
Transform: AffineTransform_float_3_3
Parameters: 0.999978 -0.00324582 0.00576838 0.00330592 0.99994 -0.0103961 -0.00573387 0.0104149 0.999929 0.0394836 0.313937 -0.425603
FixedParameters: 0 0 0

#Transform 92
Transform: AffineTransform_float_3_3
Parameters: 0.999975 -0.00342623 0.00619855 0.00349247 0.999936 -0.0107897 -0.00616209 0.0108113 0.999923 0.041044 0.351033 -0.450841
FixedParameters: 0 0 0

#Transform 93
Transform: AffineTransform_float_3_3
Parameters: 0.999973 -0.00354458 0.00640959 0.00361493 0.999933 -0.0109124 -0.0063698 0.0109356 0.99992 0.0320117 0.342055 -0.461645
FixedParameters: 0 0 0

#Transform 94
Transform: AffineTransform_float_3_3
Parameters: 0.999969 -0.0037325 0.00685096 0.00380676 0.999934 -0.0108456 -0.00680989 0.0108714 0.999918 0.0203836 0.336518 -0.447549
FixedParameters: 0 0 0

#Transform 95
Transform: AffineTransform_float_3_3
Parameters: 0.999968 -0.00375065 0.00715013 0.00382959 0.999932 -0.0110625 -0.00710835 0.0110895 0.999914 0.00788708 0.35874 -0.476803
FixedParameters: 0 0 0

#Transform 96
Transform: AffineTransform_float_3_3
Parameters: 0.999964 -0.00388967 0.00753889 0.00397099 0.999934 -0.0107802 -0.00749637 0.0108098 0.999914 0.0202765 0.315818 -0.47134
FixedParameters: 0 0 0

#Transform 97
Transform: AffineTransform_float_3_3
Parameters: 0.999963 -0.003817 0.00768112 0.00390876 0.99992 -0.0120303 -0.00763431 0.0120597 0.999898 0.0127942 0.367013 -0.473165
FixedParameters: 0 0 0

#Transform 98
Transform: AffineTransform_float_3_3
Parameters: 0.999965 -0.00396186 0.00739615 0.00405087 0.999919 -0.0120301 -0.00734757 0.0120598 0.9999 0.00697221 0.366027 -0.461434
FixedParameters: 0 0 0

#Transform 99
Transform: AffineTransform_float_3_3
Parameters: 0.999965 -0.00358508 0.00749078 0.00368018 0.999912 -0.0126947 -0.00744485 0.0127213 0.999892 0.0153561 0.413447 -0.484616
FixedParameters: 0 0 0

#Transform 100
Transform: AffineTransform_float_3_3
Parameters: 0.999966 -0.00363508 0.00748753 0.00372997 0.999912 -0.0126813 -0.00744143 0.0127087 0.999891 0.0166396 0.385563 -0.508004
FixedParameters: 0 0 0

#Transform 101
Transform: AffineTransform_float_3_3
Parameters: 0.999966 -0.00363978 0.00748526 0.00373011 0.999921 -0.0120543 -0.00744133 0.0120817 0.9999 0.000141166 0.350384 -0.476563
FixedParameters: 0 0 0

#Transform 102
Transform: AffineTransform_float_3_3
Parameters: 0.999966 -0.00363478 0.00748768 0.00373027 0.999912 -0.0127213 -0.00744128 0.0127487 0.999891 0.0168197 0.398173 -0.477747
FixedParameters: 0 0 0

#Transform 103
Transform: AffineTransform_float_3_3
Parameters: 0.999968 -0.00351349 0.00709947 0.00360042 0.999918 -0.0123374 -0.00705548 0.0123626 0.999899 0.0128491 0.376507 -0.464727
FixedParameters: 0 0 0

#Transform 104
Transform: AffineTransform_float_3_3
Parameters: 0.999966 -0.00363478 0.00748768 0.00373027 0.999912 -0.0127213 -0.00744128 0.0127487 0.999891 0.0169378 0.388483 -0.466728
FixedParameters: 0 0 0

#Transform 105
Transform: AffineTransform_float_3_3
Parameters: 0.999966 -0.00363424 0.00739941 0.00372344 0.999921 -0.0120496 -0.0073556 0.0120774 0.9999 0.013487 0.351117 -0.460545
FixedParameters: 0 0 0

#Transform 106
Transform: AffineTransform_float_3_3
Parameters: 0.999966 -0.00363631 0.00748694 0.00372966 0.999914 -0.0125173 -0.00744095 0.0125447 0.999893 0.0099766 0.396194 -0.480871
FixedParameters: 0 0 0

#Transform 107
Transform: AffineTransform_float_3_3
Parameters: 0.999966 -0.00363856 0.00748585 0.00373033 0.999919 -0.0122173 -0.00744082 0.0122447 0.999898 -0.000538674 0.370538 -0.476516
FixedParameters: 0 0 0

#Transform 108
Transform: AffineTransform_float_3_3
Parameters: 0.999967 -0.00363493 0.00734038 0.00371875 0.999928 -0.0114548 -0.00729761 0.0114822 0.999908 0.00819887 0.323425 -0.449038
FixedParameters: 0 0 0

#Transform 109
Transform: AffineTransform_float_3_3
Parameters: 0.999972 -0.00277782 0.00695177 0.00286183 0.999924 -0.0120081 -0.00691743 0.0120279 0.999904 -0.0159686 0.407697 -0.441578
FixedParameters: 0 0 0

#Transform 110
Transform: AffineTransform_float_3_3
Parameters: 0.999972 -0.00280995 0.00684753 0.0028919 0.999923 -0.0120351 -0.00681329 0.0120549 0.999904 -0.0159015 0.362134 -0.455392
FixedParameters: 0 0 0

#Transform 111
Transform: AffineTransform_float_3_3
Parameters: 0.999972 -0.00294886 0.00696991 0.00303248 0.999922 -0.0120759 -0.0069342 0.0120971 0.999903 -0.0112617 0.355388 -0.447915
FixedParameters: 0 0 0

#Transform 112
Transform: AffineTransform_float_3_3
Parameters: 0.999972 -0.00281695 0.00691093 0.00290445 0.999914 -0.0127569 -0.00687377 0.0127771 0.999895 -0.00539025 0.418981 -0.474412
FixedParameters: 0 0 0

#Transform 113
Transform: AffineTransform_float_3_3
Parameters: 0.999969 -0.00305722 0.00728637 0.00314717 0.999918 -0.0123873 -0.00724848 0.0124097 0.999897 0.00106533 0.378465 -0.491945
FixedParameters: 0 0 0

#Transform 114
Transform: AffineTransform_float_3_3
Parameters: 0.999967 -0.00327166 0.00750944 0.0033621 0.99992 -0.012174 -0.00746979 0.012199 0.999898 0.00222781 0.363903 -0.49752
FixedParameters: 0 0 0

#Transform 115
Transform: AffineTransform_float_3_3
Parameters: 0.99997 -0.00320024 0.00705908 0.00329074 0.999912 -0.0128908 -0.00701643 0.0129142 0.999892 0.00527368 0.428676 -0.499692
FixedParameters: 0 0 0

#Transform 116
Transform: AffineTransform_float_3_3
Parameters: 0.999971 -0.00294589 0.00704011 0.00303307 0.999918 -0.0124237 -0.00700258 0.0124443 0.999898 -0.0113222 0.38746 -0.487246
FixedParameters: 0 0 0

#Transform 117
Transform: AffineTransform_float_3_3
Parameters: 0.999969 -0.00290191 0.00740759 0.00299032 0.999923 -0.0119642 -0.00737193 0.0119858 0.999901 -0.0270857 0.352974 -0.472637
FixedParameters: 0 0 0

#Transform 118
Transform: AffineTransform_float_3_3
Parameters: 0.999971 -0.00286864 0.00696842 0.00295693 0.999916 -0.0126313 -0.00693159 0.0126517 0.999895 -0.00698633 0.399724 -0.476086
FixedParameters: 0 0 0

#Transform 119
Transform: AffineTransform_float_3_3
Parameters: 0.999972 -0.00249226 0.00705914 0.00258328 0.999914 -0.0128289 -0.00702596 0.0128471 0.999892 -0.0234356 0.407242 -0.498846
FixedParameters: 0 0 0
