# transform file /out/sourcedata/freesurfer/sub-v1s7x0051326_ses-1/mri/transforms/cc_up.lta
# created by oesteban on Tue Mar 10 08:23:51 2026

type      = 0 # LINEAR_VOX_TO_VOX
nxforms   = 1
mean      = 129.0000 103.0000 112.0000
sigma     = 10000.0000
1 4 4
9.996582865715027e-01 8.144894614815712e-03 -2.484246529638767e-02 8.030337691307068e-01 
-8.142380043864250e-03 9.999669194221497e-01 2.023459383053705e-04 4.303318786621094e+01 
2.484328858554363e-02 0.000000000000000e+00 9.996914267539978e-01 2.582577133178711e+01 
0.000000000000000e+00 0.000000000000000e+00 0.000000000000000e+00 1.000000000000000e+00 
src volume info
valid = 1  # volume info valid
filename = /out/sourcedata/freesurfer/sub-v1s7x0051326_ses-1/mri/norm.mgz
volume = 256 256 256
voxelsize = 1.000000000000000e+00 1.000000000000000e+00 1.000000000000000e+00
xras   = -1.000000000000000e+00 0.000000000000000e+00 0.000000000000000e+00
yras   = 0.000000000000000e+00 0.000000000000000e+00 -1.000000000000000e+00
zras   = 0.000000000000000e+00 1.000000000000000e+00 0.000000000000000e+00
cras   = 3.889831542968750e+00 1.000000000000000e+00 -7.135589599609375e+00
dst volume info
valid = 1  # volume info valid
filename = /out/sourcedata/freesurfer/sub-v1s7x0051326_ses-1/mri/norm.mgz
volume = 256 256 256
voxelsize = 1.000000000000000e+00 1.000000000000000e+00 1.000000000000000e+00
xras   = -1.000000000000000e+00 0.000000000000000e+00 0.000000000000000e+00
yras   = 0.000000000000000e+00 0.000000000000000e+00 -1.000000000000000e+00
zras   = 0.000000000000000e+00 1.000000000000000e+00 0.000000000000000e+00
cras   = 3.889831542968750e+00 1.000000000000000e+00 -7.135589599609375e+00
